# %ECSV 1.0
# ---
# datatype:
# - {name: energy, unit: eV, datatype: float64}
# - {name: '0.1', datatype: float64}
# - {name: '0.2', datatype: float64}
# - {name: '0.4', datatype: float64}
# - {name: '0.5', datatype: float64}
# - {name: '0.6', datatype: float64}
# - {name: '0.7', datatype: float64}
# - {name: '0.8', datatype: float64}
# - {name: '0.9', datatype: float64}
# - {name: '1.', datatype: float64}
# - {name: '1.2', datatype: float64}
# - {name: '1.4', datatype: float64}
# - {name: '1.6', datatype: float64}
# - {name: '1.8', datatype: float64}
# - {name: '2.', datatype: float64}
# - {name: '2.2', datatype: float64}
# - {name: '2.4', datatype: float64}
# - {name: '2.6', datatype: float64}
# - {name: '2.8', datatype: float64}
# meta: !!omap
# - {CREATOR: Moritz Guenther/MIT}
# - {HENKE: 'Ir Rho=22.42, Sig=0.nm, P=0.'}
# - {NOTES: Retrieved from CXRO online query form henke}
# schema: astropy-2.0
energy 0.1 0.2 0.4 0.5 0.6 0.7 0.8 0.9 1. 1.2 1.4 1.6 1.8 2. 2.2 2.4 2.6 2.8
200.0 0.984894 0.970014 0.940911 0.926676 0.912646 0.898816 0.885181 0.871737 0.858478 0.832502 0.80722 0.782601 0.758618 0.735241 0.712448 0.690213 0.668515 0.647332
223.6 0.983654 0.967573 0.936178 0.920852 0.905764 0.89091 0.876283 0.861878 0.84769 0.819943 0.793003 0.766834 0.741401 0.716673 0.692619 0.669212 0.646426 0.624237
247.2 0.983221 0.96672 0.934527 0.918821 0.903365 0.888154 0.873182 0.858442 0.843929 0.815563 0.788041 0.761323 0.735374 0.710158 0.685646 0.661806 0.638612 0.616038
270.8 0.983001 0.966288 0.933689 0.917788 0.902143 0.886747 0.871594 0.856677 0.841991 0.813287 0.785436 0.758398 0.732134 0.706609 0.681789 0.657643 0.634142 0.611261
294.4 0.982615 0.965528 0.932217 0.915976 0.900001 0.884285 0.86882 0.853601 0.838619 0.809346 0.780952 0.753394 0.726629 0.700621 0.675332 0.650731 0.626787 0.603472
318.0 0.982063 0.964444 0.930121 0.913399 0.896958 0.88079 0.864887 0.849242 0.833848 0.803783 0.774639 0.746368 0.718925 0.692268 0.666358 0.641161 0.616644 0.592777
341.6 0.981526 0.963389 0.928082 0.910893 0.894 0.877396 0.86107 0.845015 0.829223 0.798397 0.768535 0.739585 0.711496 0.684225 0.657731 0.631975 0.606923 0.582543
365.2 0.981248 0.962843 0.927027 0.909595 0.892467 0.875633 0.859085 0.842813 0.826808 0.795572 0.765315 0.735981 0.70752 0.679884 0.653031 0.62692 0.601517 0.576788
388.8 0.981009 0.962373 0.926119 0.908477 0.891145 0.874112 0.85737 0.840907 0.824716 0.793115 0.762502 0.732819 0.704013 0.676033 0.648836 0.622379 0.596627 0.571545
412.4 0.980792 0.961948 0.925295 0.907463 0.889946 0.872732 0.855812 0.839176 0.822814 0.790878 0.759937 0.72993 0.700799 0.672495 0.644971 0.618184 0.592095 0.56667
436.0 0.980786 0.961935 0.925266 0.907424 0.889894 0.872665 0.855727 0.839069 0.822682 0.790684 0.759663 0.729556 0.700306 0.671859 0.644169 0.617191 0.590886 0.565219
459.6 0.980682 0.961731 0.924868 0.906931 0.889307 0.871985 0.854952 0.838199 0.821716 0.78952 0.758291 0.727963 0.698477 0.669778 0.641816 0.614546 0.587929 0.561926
483.2 0.980537 0.961444 0.924311 0.906243 0.888491 0.871041 0.853882 0.837003 0.820393 0.787941 0.75645 0.725851 0.696082 0.667085 0.638809 0.611208 0.584238 0.557863
506.8 0.98039 0.961155 0.923751 0.905552 0.887669 0.870091 0.852805 0.835798 0.819061 0.78635 0.754594 0.72372 0.693663 0.664363 0.635766 0.607823 0.580492 0.553734
530.4 0.980272 0.960924 0.923301 0.904995 0.887007 0.869323 0.851931 0.834818 0.817973 0.785041 0.753054 0.721934 0.691615 0.662034 0.633135 0.604868 0.577187 0.550053
554.0 0.980259 0.960898 0.923245 0.904921 0.886913 0.869207 0.851788 0.834645 0.817765 0.784749 0.752656 0.721407 0.690931 0.661164 0.632049 0.603532 0.575567 0.548113
577.6 0.980481 0.961332 0.924073 0.905932 0.888095 0.870548 0.853279 0.836273 0.819518 0.786717 0.754788 0.723651 0.693233 0.663469 0.634298 0.605665 0.577522 0.549826
601.2 0.980567 0.9615 0.924391 0.906315 0.888537 0.871043 0.853818 0.836848 0.820121 0.787349 0.755409 0.724218 0.693702 0.66379 0.63442 0.605534 0.57708 0.549013
624.8 0.980588 0.96154 0.924462 0.906396 0.888623 0.871128 0.853897 0.836915 0.820168 0.787334 0.755298 0.723974 0.693282 0.66315 0.63351 0.604302 0.57547 0.546965
648.4 0.980575 0.961513 0.924401 0.906315 0.888518 0.870995 0.85373 0.836709 0.819917 0.786971 0.754791 0.723287 0.692375 0.661977 0.632023 0.602447 0.573191 0.544199
672.0 0.980538 0.96144 0.924254 0.906128 0.888288 0.870717 0.853401 0.836323 0.819468 0.786376 0.75402 0.722303 0.691137 0.660441 0.630137 0.600157 0.570436 0.540915
695.6 0.980488 0.961342 0.924056 0.905878 0.887983 0.870354 0.852975 0.835829 0.818901 0.785641 0.753086 0.721134 0.689691 0.65867 0.62799 0.597575 0.567355 0.537266
719.2 0.98043 0.961227 0.923827 0.905589 0.887632 0.869937 0.852488 0.835267 0.818258 0.784817 0.752047 0.719844 0.688106 0.65674 0.62566 0.594783 0.564033 0.53334
742.8 0.980368 0.961104 0.923583 0.905282 0.887259 0.869495 0.851973 0.834673 0.817579 0.783947 0.750954 0.718487 0.68644 0.654713 0.623213 0.59185 0.560542 0.52921
766.4 0.980307 0.960982 0.92334 0.904976 0.886887 0.869054 0.851457 0.834078 0.816899 0.783073 0.749851 0.717114 0.684749 0.652649 0.620713 0.588844 0.55695 0.524946
790.0 0.98025 0.960871 0.923116 0.904693 0.886543 0.868644 0.850976 0.83352 0.816258 0.782242 0.748793 0.715786 0.683099 0.650619 0.618236 0.585843 0.55334 0.520631
813.6 0.980206 0.960782 0.922937 0.904466 0.886263 0.868307 0.850577 0.833053 0.815714 0.781521 0.747857 0.714587 0.681583 0.648723 0.615887 0.582959 0.549829 0.51639
837.2 0.980186 0.960741 0.922849 0.90435 0.886114 0.868121 0.850346 0.832771 0.815373 0.781034 0.747181 0.713672 0.680371 0.647145 0.613866 0.580406 0.546642 0.512455
860.8 0.980285 0.960935 0.923215 0.904791 0.886623 0.868688 0.850964 0.833427 0.816059 0.781742 0.747859 0.71426 0.680801 0.64734 0.613737 0.579854 0.545551 0.510695
884.4 0.980883 0.962108 0.925464 0.907542 0.889853 0.872372 0.855077 0.837945 0.820955 0.787318 0.754003 0.720855 0.687718 0.654437 0.620853 0.586807 0.552134 0.516669
908.0 0.980749 0.961843 0.924943 0.906891 0.88907 0.871454 0.854018 0.836739 0.819595 0.785619 0.75192 0.718327 0.684673 0.650787 0.616494 0.581614 0.545961 0.509346
931.6 0.980757 0.961856 0.924958 0.906901 0.889067 0.87143 0.853965 0.836648 0.819454 0.785342 0.751447 0.717588 0.683584 0.649249 0.614387 0.578797 0.542267 0.50458
955.2 0.980789 0.961919 0.925068 0.907025 0.889198 0.871561 0.854085 0.836746 0.819519 0.7853 0.751234 0.717128 0.682785 0.648001 0.612561 0.576235 0.538781 0.49995
978.8 0.980819 0.961975 0.925165 0.907134 0.889311 0.87167 0.85418 0.836816 0.819551 0.785215 0.750965 0.716596 0.681892 0.64663 0.61057 0.573454 0.535003 0.494928
1002.4 0.980846 0.962027 0.925252 0.907231 0.88941 0.871761 0.854255 0.836862 0.819557 0.785095 0.750651 0.716002 0.680917 0.64515 0.608432 0.57047 0.530947 0.489525
1026.0 0.980884 0.962101 0.925384 0.907381 0.889572 0.871925 0.854409 0.836996 0.819656 0.78508 0.750448 0.715523 0.680051 0.643762 0.606356 0.5675 0.526829 0.483951
1049.6 0.980927 0.962184 0.925531 0.907551 0.889755 0.872112 0.85459 0.837157 0.819784 0.785092 0.750267 0.715053 0.679176 0.642335 0.604194 0.564376 0.522456 0.477982
1073.2 0.980958 0.962243 0.925633 0.907664 0.889871 0.872221 0.854681 0.837218 0.8198 0.784968 0.749924 0.71439 0.678067 0.640624 0.601682 0.560811 0.517522 0.471287
1096.8 0.980979 0.962283 0.925697 0.90773 0.889932 0.872267 0.8547 0.837197 0.819724 0.784732 0.749444 0.713562 0.676758 0.638664 0.598857 0.556844 0.51206 0.463894
1120.4 0.980992 0.962305 0.925727 0.907755 0.889943 0.872254 0.854652 0.837101 0.819565 0.784393 0.748838 0.712579 0.675256 0.636463 0.595721 0.552468 0.506052 0.455766
1144.0 0.980995 0.962311 0.925725 0.907739 0.889905 0.872184 0.854539 0.836931 0.819323 0.783952 0.748107 0.711441 0.673561 0.634015 0.592264 0.547665 0.499465 0.44685
1167.6 0.980993 0.962305 0.925699 0.907694 0.889832 0.872074 0.854378 0.836707 0.819019 0.783433 0.747277 0.710177 0.671704 0.631352 0.588515 0.542457 0.492307 0.437137
1191.2 0.980985 0.962287 0.92565 0.90762 0.889725 0.871923 0.854172 0.836431 0.818657 0.782838 0.746351 0.708789 0.669682 0.628469 0.584462 0.53682 0.484539 0.426565
1214.8 0.980971 0.962258 0.925579 0.907519 0.889585 0.871733 0.85392 0.836102 0.818234 0.782166 0.745326 0.707273 0.667491 0.625354 0.580086 0.530723 0.476105 0.415056
1238.4 0.980955 0.962223 0.925496 0.907402 0.889426 0.871521 0.853642 0.835742 0.817776 0.781446 0.744234 0.705663 0.665166 0.622044 0.575419 0.524184 0.467007 0.402592
1262.0 0.980939 0.96219 0.925417 0.90729 0.889271 0.871313 0.853367 0.835385 0.817318 0.780718 0.743121 0.704009 0.662758 0.618587 0.570502 0.517231 0.457245 0.389151
1285.6 0.980923 0.962157 0.925336 0.907175 0.889113 0.8711 0.853085 0.835018 0.816846 0.779966 0.741966 0.702285 0.660234 0.614942 0.565278 0.509779 0.446694 0.374592
1309.2 0.980901 0.962112 0.925233 0.907032 0.888921 0.870846 0.852756 0.834596 0.816311 0.779132 0.740703 0.700414 0.657507 0.611005 0.559621 0.501672 0.435166 0.358733
1332.8 0.980872 0.962052 0.925098 0.906851 0.888682 0.870538 0.852363 0.834102 0.815694 0.778192 0.739303 0.698363 0.654536 0.606726 0.553466 0.492821 0.422543 0.341509
1356.4 0.980834 0.961976 0.924934 0.906632 0.888399 0.870178 0.85191 0.833538 0.814998 0.777148 0.737768 0.696133 0.651319 0.602094 0.546786 0.483168 0.408741 0.322935
1380.0 0.980789 0.961886 0.924741 0.906377 0.888071 0.869764 0.851396 0.832904 0.814221 0.776 0.736095 0.693717 0.647842 0.597084 0.539535 0.472634 0.393664 0.303083
1403.6 0.980737 0.96178 0.924518 0.906084 0.887699 0.869299 0.850821 0.832199 0.813364 0.774746 0.734282 0.69111 0.644094 0.591676 0.531669 0.461142 0.377236 0.282141
1427.2 0.980677 0.96166 0.924266 0.905755 0.887281 0.86878 0.850184 0.831423 0.812423 0.773383 0.732322 0.688301 0.640059 0.585836 0.52313 0.448593 0.359391 0.260412
1450.8 0.98061 0.961526 0.923985 0.90539 0.886822 0.868211 0.849488 0.830578 0.811404 0.771914 0.730219 0.685291 0.635729 0.579543 0.513865 0.434898 0.340123 0.238332
1474.4 0.980536 0.961378 0.923678 0.904992 0.886321 0.867593 0.848734 0.829667 0.810307 0.770339 0.72797 0.682074 0.631089 0.572763 0.503806 0.419952 0.319484 0.216413
1498.0 0.980456 0.961217 0.923345 0.904562 0.885782 0.866929 0.847926 0.828691 0.809135 0.768662 0.725577 0.678643 0.626123 0.565458 0.492872 0.403645 0.297626 0.195176
1521.6 0.98037 0.961046 0.922992 0.904106 0.88521 0.866226 0.847071 0.827659 0.807896 0.766889 0.723043 0.675001 0.620819 0.557588 0.480974 0.385871 0.274821 0.175069
1545.2 0.980272 0.960851 0.922592 0.90359 0.884566 0.865438 0.846117 0.826514 0.806527 0.764944 0.720278 0.671035 0.61504 0.548975 0.467873 0.366428 0.251406 0.156386
1568.8 0.980162 0.960632 0.922142 0.903013 0.883849 0.864562 0.845062 0.825251 0.805022 0.762818 0.717269 0.666727 0.608749 0.539548 0.453444 0.345309 0.227973 0.139349
1592.4 0.980039 0.960388 0.921644 0.902375 0.883057 0.863599 0.843904 0.823868 0.803379 0.760509 0.714007 0.662056 0.601907 0.529224 0.437553 0.322594 0.205136 0.124019
1616.0 0.979901 0.960112 0.921083 0.901658 0.88217 0.862523 0.842614 0.822335 0.801563 0.757969 0.710434 0.656946 0.594402 0.517832 0.41997 0.298433 0.1834 0.110325
1639.6 0.979744 0.959801 0.920454 0.900857 0.881181 0.861326 0.841185 0.820639 0.799559 0.75518 0.706523 0.651353 0.586161 0.505239 0.400541 0.273234 0.163195 0.0981665
1663.2 0.979569 0.959453 0.919751 0.899962 0.880079 0.859996 0.839599 0.818763 0.797348 0.752115 0.702234 0.645219 0.577086 0.491278 0.379125 0.247586 0.144765 0.08740293
1686.8 0.979372 0.959063 0.918966 0.898965 0.878854 0.858521 0.837843 0.81669 0.794909 0.748746 0.697529 0.638481 0.56707 0.475759 0.355654 0.222199 0.128185 0.07788146
1710.4 0.979153 0.958628 0.918089 0.897854 0.877491 0.856882 0.835897 0.814396 0.792216 0.745036 0.692352 0.631056 0.555969 0.458453 0.33017 0.197774 0.113402 0.06945024
1734.0 0.978909 0.958146 0.917122 0.896629 0.875989 0.855078 0.833758 0.811877 0.789262 0.740971 0.686676 0.622882 0.543655 0.439139 0.302932 0.174888 0.100285 0.06196704
1757.6 0.97864 0.957613 0.916055 0.895278 0.874335 0.853093 0.831406 0.809111 0.786018 0.736509 0.680435 0.61385 0.529924 0.417526 0.274412 0.153884 0.08865956 0.0553008
1781.2 0.978334 0.957007 0.914842 0.893745 0.872461 0.850848 0.82875 0.805991 0.782367 0.7315 0.673433 0.603691 0.514382 0.393183 0.245261 0.134874 0.07833799 0.04933373
1804.8 0.977968 0.956284 0.9134 0.891926 0.870242 0.848196 0.825622 0.802327 0.778091 0.725663 0.665303 0.591899 0.496298 0.365389 0.216037 0.117662 0.06905735 0.04391383
1828.4 0.977538 0.955434 0.911707 0.889794 0.867645 0.8451 0.821976 0.798066 0.773128 0.718912 0.655916 0.578259 0.47531 0.33422 0.187959 0.102307 0.06075839 0.0390103
1852.0 0.977026 0.954423 0.9097 0.887269 0.864577 0.841446 0.817682 0.793058 0.767305 0.711016 0.644948 0.562289 0.450721 0.299853 0.161771 0.08863671 0.05330531 0.03455114
1875.6 0.97641 0.953209 0.907296 0.88425 0.860911 0.837089 0.812571 0.787105 0.760396 0.701671 0.631977 0.543354 0.421688 0.263063 0.137914 0.07646088 0.04658061 0.03047513
1899.2 0.975664 0.951739 0.90439 0.880604 0.856492 0.831844 0.806426 0.779961 0.752114 0.690491 0.616453 0.520625 0.38732 0.225338 0.116548 0.0656018 0.04048875 0.02673335
1922.8 0.974653 0.949751 0.900472 0.8757 0.85056 0.824822 0.798222 0.770448 0.74112 0.675736 0.596059 0.490914 0.344297 0.186668 0.09672134 0.05544063 0.03468902 0.02312263
1946.4 0.973295 0.947082 0.89523 0.869148 0.84265 0.815475 0.787322 0.757833 0.726566 0.656257 0.56917 0.451953 0.292393 0.14965 0.07872423 0.04604024 0.02921735 0.01966674
1970.0 0.971354 0.943273 0.887775 0.859848 0.831443 0.802257 0.771938 0.740062 0.7061 0.62894 0.531537 0.398444 0.231954 0.115179 0.06215872 0.03715807 0.02393583 0.01627967
1993.6 0.968443 0.937577 0.876674 0.846029 0.814824 0.782694 0.749211 0.713853 0.675958 0.588785 0.476476 0.324461 0.168619 0.08427504 0.04699214 0.02876167 0.01882502 0.01294748
2017.2 0.960712 0.922525 0.847642 0.810073 0.771808 0.732326 0.691014 0.647118 0.599678 0.488846 0.346349 0.189098 0.09146248 0.04852762 0.02852903 0.01809303 0.01213323 0.008490618
2040.8 0.821488 0.674222 0.451359 0.367636 0.298345 0.241186 0.194259 0.155964 0.124926 0.07996796 0.0514912 0.03367272 0.022506 0.01541741 0.01082757 0.007786497 0.005723333 0.004291154
2064.4 0.917213 0.840667 0.702508 0.639436 0.579623 0.522654 0.468218 0.416114 0.366262 0.273693 0.192885 0.128055 0.08183608 0.05211744 0.03392704 0.02280253 0.01583515 0.01133048
2088.0 0.922357 0.850155 0.718682 0.658085 0.600223 0.544701 0.491214 0.439551 0.389612 0.29519 0.210345 0.14019 0.08916306 0.05625274 0.03627552 0.02419417 0.01670302 0.01189836
2111.6 0.874567 0.763908 0.577636 0.498694 0.427653 0.363729 0.306378 0.255258 0.210167 0.137558 0.08686318 0.05422928 0.03430494 0.02230883 0.01498382 0.01038684 0.0074103 0.005423097
2135.2 0.915666 0.837956 0.698848 0.636066 0.577086 0.521505 0.469011 0.419379 0.372469 0.286682 0.212219 0.150639 0.103269 0.06959514 0.04703834 0.03233123 0.02274081 0.01638818
2158.8 0.925439 0.855995 0.729652 0.671638 0.616478 0.563827 0.513414 0.465032 0.418546 0.331098 0.251667 0.182398 0.126266 0.08487673 0.05677443 0.03852898 0.02677718 0.01910116
2182.4 0.929606 0.863741 0.743053 0.68721 0.633824 0.582573 0.533192 0.485479 0.43929 0.351284 0.269695 0.196838 0.136447 0.09128959 0.06057998 0.04077874 0.02814624 0.0199688
2206.0 0.932818 0.869735 0.753501 0.699395 0.647449 0.597351 0.548842 0.501717 0.455827 0.367487 0.284235 0.208456 0.144493 0.09616591 0.06332463 0.04231248 0.02903127 0.0205035
2229.6 0.935295 0.874369 0.761619 0.708884 0.65808 0.608901 0.561093 0.514444 0.468796 0.380188 0.295564 0.217345 0.150396 0.09948938 0.06501554 0.04315212 0.02945708 0.02072742
2253.2 0.937099 0.877751 0.767553 0.715822 0.665849 0.617333 0.570017 0.523687 0.478173 0.389231 0.303391 0.223128 0.153801 0.101015 0.06551777 0.04322955 0.02938869 0.02062146
2276.8 0.938677 0.880713 0.772767 0.721923 0.672687 0.62476 0.577881 0.531829 0.486427 0.397153 0.310155 0.227949 0.156397 0.101939 0.06562506 0.0430613 0.02916668 0.02041636
2300.4 0.940023 0.883243 0.777225 0.727142 0.678536 0.631107 0.584592 0.538763 0.493432 0.403793 0.315664 0.231612 0.158022 0.102161 0.06528492 0.04262073 0.02877624 0.02010299
2324.0 0.941106 0.885279 0.78081 0.731332 0.683221 0.636174 0.589923 0.544233 0.498907 0.40882 0.319556 0.233762 0.158391 0.101504 0.06440317 0.04185615 0.02818657 0.0196615
2347.6 0.94208 0.887112 0.78404 0.735107 0.687438 0.640729 0.594707 0.549128 0.503784 0.413218 0.322806 0.235283 0.158219 0.100478 0.06331212 0.04097836 0.02753355 0.01918243
2371.2 0.942905 0.888665 0.786772 0.738293 0.690988 0.644548 0.598693 0.553172 0.507765 0.416653 0.325061 0.235842 0.157248 0.09892516 0.0619233 0.03993533 0.02678431 0.01864381
2394.8 0.94359 0.889952 0.789029 0.740917 0.693896 0.647654 0.601904 0.556385 0.510865 0.419128 0.326309 0.23542 0.15548 0.09687105 0.06026278 0.03874534 0.0259506 0.0180532
2418.4 0.944201 0.891103 0.791042 0.743251 0.696474 0.650395 0.604718 0.559172 0.513513 0.421102 0.327014 0.23445 0.153271 0.09457079 0.05849229 0.03750768 0.025095 0.01745173
2442.0 0.944635 0.891916 0.792444 0.744856 0.698217 0.652201 0.606506 0.56085 0.514975 0.421761 0.326326 0.232142 0.150037 0.09166886 0.05640598 0.03609823 0.02413853 0.01678666
2465.6 0.944947 0.892499 0.793427 0.745961 0.699383 0.65336 0.607581 0.561753 0.515605 0.421481 0.324625 0.228862 0.146096 0.08839893 0.05414915 0.03460464 0.02313586 0.01609373
2489.2 0.945108 0.892793 0.793885 0.746436 0.699822 0.653701 0.607753 0.561672 0.515173 0.420002 0.321636 0.224371 0.141317 0.08470466 0.05169261 0.03300847 0.02207445 0.01536407
2512.8 0.94464 0.891893 0.792161 0.744292 0.697236 0.650638 0.604165 0.557499 0.510341 0.413614 0.313522 0.215245 0.133301 0.07918298 0.04823267 0.03082719 0.02064777 0.01439298
2536.4 0.943332 0.889396 0.787524 0.738653 0.690614 0.643034 0.595563 0.54787 0.49965 0.400724 0.298753 0.200423 0.121642 0.07171701 0.0437155 0.02802388 0.01882805 0.01315926
2560.0 0.93291 0.869768 0.752546 0.697337 0.643778 0.591482 0.540121 0.48943 0.439223 0.340156 0.245057 0.161483 0.09937932 0.06043864 0.03787929 0.02477325 0.01687722 0.01191253
2583.6 0.940875 0.88477 0.779355 0.729099 0.679937 0.63151 0.583492 0.535589 0.487544 0.390375 0.292366 0.199387 0.124176 0.07475796 0.04608706 0.02970306 0.02000665 0.01399982
2607.2 0.94238 0.887611 0.784419 0.735071 0.686685 0.638901 0.591386 0.543832 0.495963 0.398498 0.299084 0.203607 0.125928 0.07521258 0.0461095 0.02961788 0.01990892 0.01391367
2630.8 0.943549 0.889818 0.78835 0.739699 0.691901 0.644593 0.597433 0.5501 0.502298 0.404396 0.303577 0.205853 0.126257 0.07481539 0.04564637 0.02924529 0.01963116 0.01370868
2654.4 0.944455 0.891527 0.791385 0.743261 0.695897 0.648925 0.601995 0.554771 0.506938 0.40845 0.306186 0.206401 0.12538 0.07372297 0.04479824 0.02864859 0.01921429 0.01341233
2678.0 0.945191 0.892916 0.793844 0.746136 0.699106 0.652379 0.605596 0.558405 0.510473 0.411288 0.307524 0.205786 0.123702 0.07219679 0.04372136 0.02792274 0.01871874 0.01306491
2701.6 0.945868 0.894194 0.796103 0.748774 0.702046 0.655536 0.608873 0.561693 0.513639 0.413713 0.308407 0.204729 0.12174 0.07054665 0.04259386 0.02717427 0.01821187 0.01271122
2725.2 0.946421 0.895237 0.797936 0.750905 0.704401 0.658036 0.611427 0.564193 0.515959 0.415185 0.308265 0.202735 0.119185 0.06860561 0.04132218 0.02634688 0.01765761 0.01232699
2748.8 0.946953 0.89624 0.799701 0.752954 0.706665 0.660436 0.613872 0.566577 0.518153 0.416501 0.307919 0.200532 0.116541 0.06666408 0.04006946 0.02553733 0.01711705 0.01195287
2772.4 0.947387 0.897059 0.801128 0.754599 0.708461 0.662309 0.615734 0.568323 0.519655 0.41702 0.306697 0.197548 0.113457 0.0645306 0.03872778 0.02468064 0.01654861 0.0115609
2796.0 0.947799 0.897835 0.802478 0.756152 0.710152 0.664064 0.617466 0.569925 0.520997 0.417337 0.305216 0.194329 0.110302 0.06241115 0.03741091 0.02384392 0.0159946 0.01117925
2819.6 0.948124 0.898444 0.803523 0.757336 0.711416 0.665335 0.618658 0.570932 0.52169 0.41689 0.302884 0.190391 0.106795 0.06015406 0.03603326 0.02297547 0.01542184 0.01078554
2843.2 0.948391 0.898945 0.804367 0.758279 0.712399 0.666287 0.619492 0.571543 0.521946 0.415914 0.299945 0.185966 0.103104 0.05785061 0.03464404 0.02210391 0.01484824 0.01039163
2866.8 0.948514 0.899168 0.804698 0.758602 0.712657 0.666414 0.619403 0.571132 0.521079 0.413616 0.295572 0.180417 0.09887916 0.05531799 0.03314061 0.0211672 0.01423386 0.009970514
2890.4 0.947731 0.897661 0.801825 0.755045 0.708389 0.661386 0.613545 0.564347 0.513245 0.403284 0.282842 0.168416 0.09119008 0.05103991 0.03068082 0.01965861 0.01325317 0.009302059
2914.0 0.944118 0.890785 0.789252 0.739961 0.690989 0.641851 0.592061 0.541124 0.488552 0.376996 0.258753 0.1523 0.08315728 0.04712677 0.02858773 0.01842999 0.01247731 0.008783878
2937.6 0.947024 0.896313 0.799347 0.752062 0.704936 0.657492 0.60924 0.559663 0.508223 0.397808 0.277619 0.164742 0.08930011 0.05010539 0.03017658 0.01936087 0.01306434 0.009175534
2961.2 0.947696 0.897586 0.801619 0.754731 0.707927 0.660723 0.612612 0.563056 0.511485 0.400171 0.278026 0.163268 0.08772389 0.04905383 0.02951573 0.01893424 0.01277778 0.00897578
2984.8 0.948278 0.898687 0.803577 0.757023 0.710483 0.663463 0.61544 0.565853 0.514101 0.401787 0.277626 0.161176 0.08585604 0.04787279 0.02878941 0.01847029 0.012468 0.008760639
3008.4 0.948708 0.899499 0.805001 0.75867 0.712289 0.66535 0.617315 0.567599 0.515567 0.40206 0.275803 0.15804 0.0834882 0.04645748 0.02793913 0.01793346 0.01211194 0.0085144
3032.0 0.949106 0.900249 0.806314 0.760183 0.713939 0.667061 0.618994 0.569128 0.51679 0.402028 0.273616 0.154679 0.08107229 0.04503972 0.02709293 0.0174006 0.01175892 0.008270389
3055.6 0.949438 0.900876 0.807397 0.761419 0.715266 0.668404 0.62026 0.570196 0.517503 0.401374 0.270743 0.150884 0.07850631 0.04356639 0.02622066 0.01685324 0.01139691 0.008020398
3079.2 0.949748 0.901459 0.808402 0.762561 0.716483 0.669622 0.621384 0.571104 0.518035 0.400473 0.267569 0.146958 0.07594892 0.04211636 0.02536543 0.01631716 0.01104246 0.007775614
3102.8 0.949993 0.901917 0.809174 0.76342 0.717369 0.67046 0.622079 0.57153 0.518027 0.398902 0.263668 0.142632 0.07326819 0.04062125 0.02448856 0.01576873 0.01068018 0.007525534
3126.4 0.950128 0.902166 0.809555 0.763803 0.717696 0.670656 0.622046 0.57114 0.517108 0.396215 0.258601 0.137663 0.07035028 0.0390221 0.0235564 0.01518718 0.01029647 0.007260825
3150.0 0.949551 0.901047 0.807378 0.76107 0.714358 0.666641 0.61725 0.565419 0.510276 0.386515 0.246572 0.1285 0.06551152 0.03646787 0.02209098 0.01428037 0.009701016 0.00685129
3173.6 0.948964 0.899912 0.805169 0.758294 0.710966 0.662557 0.612363 0.55958 0.503289 0.376586 0.234561 0.119857 0.06103949 0.03410546 0.02073036 0.01343545 0.009144647 0.00646781
3197.2 0.948653 0.899321 0.804105 0.757036 0.709547 0.661013 0.610741 0.557939 0.501712 0.375526 0.234606 0.120467 0.06148425 0.0343723 0.02089407 0.01354092 0.009215773 0.006517647
3220.8 0.94978 0.90147 0.808037 0.761743 0.714954 0.66704 0.617292 0.564892 0.508894 0.382244 0.238733 0.121627 0.0616871 0.03438587 0.02087327 0.01351727 0.009195539 0.006501446
3244.4 0.950254 0.90237 0.809639 0.763615 0.717033 0.669248 0.619531 0.567031 0.510751 0.382706 0.236805 0.119218 0.06023407 0.03356729 0.02038535 0.01320788 0.008988954 0.006357654
3268.0 0.950586 0.902996 0.810729 0.764864 0.718379 0.670615 0.620817 0.5681 0.511415 0.381721 0.233449 0.116062 0.05846909 0.03259801 0.01981396 0.01284765 0.008749259 0.006191189
3291.6 0.950885 0.90356 0.811704 0.765974 0.719562 0.671793 0.621889 0.568925 0.511798 0.380357 0.229707 0.11279 0.05668601 0.03162559 0.01924188 0.0124872 0.00850945 0.006024641
3315.2 0.951163 0.904083 0.812605 0.766993 0.720639 0.672849 0.622819 0.569587 0.511991 0.378719 0.225692 0.109479 0.05491817 0.03066611 0.01867799 0.01213192 0.008273031 0.005860403
3338.8 0.95143 0.904586 0.813467 0.767966 0.721661 0.673841 0.623676 0.570162 0.512077 0.376901 0.221505 0.106191 0.05319173 0.0297321 0.01812921 0.01178604 0.008042752 0.005700359
3362.4 0.95168 0.905056 0.814268 0.768863 0.722593 0.674729 0.624411 0.570594 0.511992 0.374825 0.217084 0.102898 0.05149078 0.02881482 0.01759043 0.01144635 0.007816505 0.005543053
3386.0 0.951927 0.90552 0.815059 0.769749 0.723512 0.675601 0.625128 0.571 0.511868 0.372646 0.212588 0.09968688 0.04985153 0.02793214 0.01707173 0.01111908 0.007598369 0.005391296
3409.6 0.952157 0.905952 0.81579 0.770561 0.724345 0.676372 0.625724 0.571264 0.51157 0.370196 0.207874 0.09648366 0.04823809 0.0270652 0.01656224 0.01079745 0.00738389 0.005242015
3433.2 0.952386 0.906382 0.816516 0.771369 0.725171 0.677135 0.62631 0.57151 0.511241 0.367648 0.203118 0.09337778 0.0466881 0.02623286 0.0160727 0.01048814 0.007177459 0.005098243
3456.8 0.952603 0.90679 0.817204 0.772128 0.72594 0.67783 0.626815 0.571658 0.510786 0.364884 0.198228 0.09032042 0.04517706 0.02542219 0.01559563 0.01018649 0.006976007 0.00495786
3480.4 0.952816 0.90719 0.817876 0.772869 0.726687 0.678498 0.627286 0.571761 0.510268 0.361977 0.193287 0.08734916 0.04371963 0.02464042 0.01513515 0.00989506 0.006781227 0.004822042
3504.0 0.953025 0.907581 0.818531 0.773588 0.727408 0.679135 0.627718 0.571811 0.509676 0.358911 0.188295 0.08445858 0.0423112 0.02388491 0.01468971 0.009612882 0.006592485 0.004690351
3527.6 0.953226 0.907959 0.819162 0.774278 0.728093 0.679728 0.628096 0.571793 0.508988 0.355655 0.183244 0.08164001 0.04094601 0.02315246 0.01425745 0.009338794 0.006409014 0.004562258
3551.2 0.953427 0.908335 0.819789 0.774963 0.728772 0.680314 0.628463 0.571754 0.508263 0.352284 0.178214 0.07892352 0.039636 0.0224491 0.01384185 0.009074998 0.006232282 0.004438789
3574.8 0.953617 0.90869 0.820378 0.775602 0.729396 0.680834 0.628749 0.571614 0.507404 0.348674 0.173126 0.07626872 0.03836169 0.02176462 0.01343699 0.008817781 0.006059829 0.004318237
3598.4 0.953806 0.909045 0.820965 0.776238 0.730016 0.681346 0.629023 0.571453 0.506505 0.344941 0.168088 0.07371478 0.03713926 0.02110729 0.01304768 0.008570171 0.005893675 0.00420201
3622.0 0.95399 0.90939 0.821534 0.776852 0.730609 0.681827 0.629257 0.571235 0.505522 0.341026 0.163067 0.07124081 0.0359582 0.02047154 0.01267068 0.008330142 0.005732476 0.004089177
3645.6 0.954171 0.909728 0.822091 0.77745 0.731183 0.682283 0.629457 0.570969 0.504463 0.33694 0.158089 0.06885045 0.03481919 0.01985768 0.01230618 0.008097823 0.005576327 0.003979807
3669.2 0.95435 0.910063 0.822642 0.778042 0.731748 0.682727 0.629639 0.570674 0.503352 0.332713 0.153189 0.0665518 0.03372512 0.0192672 0.01195508 0.007873797 0.005425623 0.003874183
3692.8 0.954522 0.910384 0.823166 0.7786 0.732272 0.68312 0.629758 0.570295 0.502123 0.328261 0.148323 0.06432089 0.03266453 0.01869404 0.01161384 0.00765584 0.005278886 0.003771275
3716.4 0.954693 0.910703 0.823688 0.779154 0.732792 0.683507 0.629865 0.569892 0.500844 0.323673 0.143564 0.0621799 0.03164682 0.01814315 0.01128538 0.007445813 0.005137368 0.003671962
3740.0 0.95486 0.911016 0.824197 0.779693 0.733291 0.683868 0.629936 0.569436 0.499479 0.3189 0.138885 0.06011249 0.03066407 0.01761033 0.01096724 0.007242171 0.005000039 0.003575527
3763.6 0.955025 0.911323 0.824696 0.780219 0.733775 0.684208 0.629978 0.568935 0.498037 0.313955 0.134305 0.05812043 0.02971672 0.01709582 0.01065961 0.007045033 0.004866986 0.003482037
3787.2 0.955189 0.911629 0.825191 0.780741 0.734253 0.684538 0.630004 0.568403 0.496535 0.308871 0.129851 0.05620902 0.02880691 0.01660081 0.01036319 0.006854878 0.00473854 0.003391725
3810.8 0.955346 0.911922 0.825663 0.781233 0.734694 0.684824 0.629971 0.56779 0.494912 0.303569 0.125482 0.05435872 0.02792548 0.01612042 0.01007514 0.006669896 0.004613491 0.003303749
3834.4 0.955502 0.912214 0.826133 0.781722 0.735131 0.685102 0.629924 0.567148 0.493227 0.298134 0.121249 0.05258438 0.02707902 0.01565821 0.009797577 0.006491454 0.004492763 0.003218759
3858.0 0.955656 0.912501 0.826592 0.782198 0.735551 0.685357 0.629846 0.566456 0.491455 0.29254 0.117137 0.05087635 0.02626296 0.01521177 0.009529094 0.006318667 0.004375767 0.003136347
3881.6 0.955806 0.912781 0.827039 0.782659 0.735952 0.685588 0.629731 0.565707 0.489585 0.28678 0.113143 0.04923046 0.02547526 0.01478002 0.00926908 0.006151153 0.004262254 0.003056339
3905.2 0.955956 0.91306 0.827484 0.783117 0.736348 0.68581 0.6296 0.564925 0.487646 0.280906 0.109289 0.04765194 0.02471828 0.0143643 0.009018352 0.005989449 0.004152589 0.002978996
3928.8 0.956102 0.913332 0.827915 0.783556 0.736721 0.686002 0.629427 0.564078 0.485595 0.27487 0.105549 0.04612831 0.02398619 0.01396148 0.00877506 0.00583238 0.004045986 0.002903769
3952.4 0.956246 0.9136 0.82834 0.783989 0.737085 0.68618 0.629232 0.563189 0.48346 0.268723 0.101941 0.04466453 0.02328128 0.01357285 0.008540004 0.005680469 0.003942803 0.002830912
3976.0 0.95639 0.913867 0.828762 0.784416 0.737441 0.686347 0.629015 0.562259 0.481241 0.262484 0.09846479 0.04325878 0.02260274 0.01319801 0.008312965 0.005533588 0.003842961 0.002760373
3999.6 0.95653 0.914127 0.82917 0.784827 0.737776 0.686484 0.628756 0.56126 0.478899 0.256115 0.095098 0.04190048 0.02194557 0.01283428 0.008092351 0.00539072 0.003745774 0.002691671
4023.2 0.956669 0.914386 0.829576 0.785234 0.738105 0.686612 0.62848 0.560222 0.476472 0.24969 0.09186283 0.04059701 0.02131333 0.01248365 0.007879383 0.005252663 0.003651789 0.002625193
4046.8 0.956806 0.91464 0.829973 0.785631 0.73842 0.68672 0.628171 0.559128 0.473938 0.243201 0.08874711 0.03934267 0.02070339 0.01214473 0.007673241 0.005118899 0.00356066 0.0025607
4070.4 0.956939 0.914888 0.830358 0.786011 0.738715 0.686802 0.627823 0.557968 0.47128 0.236654 0.08574371 0.03813384 0.02011408 0.01181665 0.007473419 0.00498911 0.003472175 0.002498044
4094.0 0.957072 0.915135 0.830741 0.786389 0.739006 0.686874 0.627456 0.556765 0.468527 0.230104 0.08286142 0.03697308 0.01954669 0.01150014 0.007280384 0.004863606 0.003386549 0.002437378
4117.6 0.957204 0.915379 0.831118 0.786758 0.739284 0.686927 0.627057 0.555503 0.465652 0.223538 0.0800845 0.03585369 0.01899806 0.01119351 0.007093125 0.00474174 0.003303346 0.002378398
4141.2 0.957334 0.91562 0.83149 0.787121 0.739553 0.686966 0.626632 0.554186 0.462661 0.216988 0.07741441 0.03477579 0.01846833 0.01089688 0.006911729 0.004623578 0.003222615 0.002321139
4164.8 0.957463 0.91586 0.831859 0.78748 0.739816 0.686995 0.626186 0.552822 0.459562 0.210491 0.07485348 0.03374001 0.01795791 0.01061051 0.006736377 0.004509245 0.003144446 0.002265668
4188.4 0.95759 0.916094 0.832217 0.787824 0.740059 0.686996 0.625696 0.551379 0.456311 0.204023 0.0723841 0.03273923 0.01746342 0.01033256 0.006565966 0.004398033 0.00306836 0.002211647
4212.0 0.957715 0.916326 0.83257 0.788161 0.740293 0.686981 0.625178 0.549878 0.452934 0.197635 0.07001328 0.031776 0.01698617 0.01006381 0.00640098 0.004290261 0.002994577 0.002159235
4235.6 0.957839 0.916557 0.83292 0.788496 0.740522 0.686957 0.624639 0.548325 0.449436 0.191353 0.06773971 0.03084971 0.01652597 0.009804169 0.006241384 0.004185917 0.002923093 0.00210843
4259.2 0.957961 0.916782 0.83326 0.788815 0.740731 0.686904 0.624053 0.546687 0.445769 0.185151 0.065547 0.02995384 0.01607968 0.009551928 0.006086147 0.004084333 0.002853455 0.002058912
4282.8 0.958082 0.917005 0.833596 0.78913 0.740934 0.68684 0.623442 0.544992 0.441969 0.179083 0.06344371 0.02909174 0.01564905 0.009308092 0.005935895 0.003985925 0.00278595 0.002010887
4306.4 0.958202 0.917227 0.83393 0.789442 0.74113 0.686764 0.622807 0.543236 0.438029 0.173157 0.06142565 0.02826182 0.01523336 0.009072297 0.005790421 0.003890564 0.002720493 0.001964297
4330.0 0.958319 0.917444 0.834253 0.78974 0.741307 0.686659 0.622124 0.541389 0.433908 0.167355 0.05948 0.02745899 0.01483019 0.0088432 0.005648911 0.003797722 0.002656726 0.001918888
4353.6 0.958436 0.91766 0.834574 0.790034 0.741479 0.686543 0.621416 0.53948 0.429639 0.161716 0.05761335 0.02668598 0.01444094 0.008621631 0.005511889 0.003707749 0.002594891 0.001874834
4377.2 0.958552 0.917874 0.834892 0.790324 0.741643 0.686415 0.62068 0.537502 0.425212 0.156243 0.05582101 0.02594102 0.01406483 0.008407167 0.005379105 0.003620487 0.002534882 0.001832061
4400.8 0.958666 0.918084 0.835201 0.790602 0.741791 0.68626 0.619898 0.53543 0.420591 0.150917 0.05409283 0.02522009 0.01369991 0.008198735 0.00524991 0.003535514 0.002476413 0.001790366
4424.4 0.958779 0.918293 0.835508 0.790876 0.741933 0.686094 0.619089 0.533286 0.415806 0.145768 0.05243386 0.02452539 0.01334734 0.007997023 0.005124736 0.003453119 0.002419683 0.001749894
4448.0 0.958891 0.9185 0.835812 0.791146 0.742068 0.685914 0.618248 0.531065 0.410847 0.140794 0.05083992 0.02385536 0.01300642 0.007801651 0.005003362 0.003373162 0.0023646 0.001710578
4471.6 0.959001 0.918703 0.836107 0.791405 0.742186 0.685707 0.617359 0.528741 0.405678 0.135975 0.04930246 0.02320661 0.0126755 0.007611705 0.004885229 0.00329528 0.002310916 0.001672244
4495.2 0.959111 0.918905 0.8364 0.79166 0.742298 0.685488 0.61644 0.526337 0.40033 0.131333 0.04782548 0.02258095 0.01235556 0.00742776 0.004770704 0.003219719 0.002258801 0.001635015
4518.8 0.95922 0.919105 0.83669 0.79191 0.742403 0.685255 0.615488 0.523846 0.394798 0.126865 0.04640575 0.02197719 0.01204605 0.007249534 0.004659621 0.003146371 0.002208185 0.001598841
4542.4 0.959327 0.919302 0.836972 0.79215 0.742491 0.684995 0.614485 0.521243 0.389043 0.122549 0.0450355 0.02139224 0.01174545 0.007076173 0.004551457 0.003074899 0.002158836 0.001563558
4566.0 0.959433 0.919497 0.837251 0.792385 0.742573 0.684721 0.613448 0.518547 0.383099 0.118401 0.04371805 0.02082763 0.01145461 0.006908179 0.004446532 0.003005516 0.002110903 0.001529273
4589.6 0.959539 0.919691 0.837528 0.792617 0.742649 0.684434 0.612378 0.515757 0.376966 0.114417 0.04245105 0.02028253 0.01117315 0.006745357 0.004344733 0.002938151 0.002064339 0.001495954
4613.2 0.959643 0.919882 0.837798 0.792839 0.742709 0.684121 0.611255 0.512843 0.370606 0.110576 0.04122721 0.01975399 0.0108996 0.006586879 0.004245552 0.002872471 0.002018916 0.001463438
4636.8 0.959746 0.920072 0.838065 0.793058 0.742763 0.683793 0.610095 0.509825 0.364056 0.10689 0.04004944 0.01924341 0.01063473 0.006433201 0.004149279 0.002808672 0.001974771 0.001431824
4660.4 0.959849 0.920261 0.83833 0.793273 0.74281 0.683451 0.608897 0.506698 0.357321 0.103352 0.03891583 0.01875009 0.01037823 0.006284168 0.004055824 0.002746698 0.001931867 0.001401087
4684.0 0.95995 0.920446 0.838588 0.793477 0.742842 0.683083 0.607644 0.503436 0.350372 0.09994736 0.03782075 0.01827176 0.01012898 0.006139136 0.003964792 0.002686288 0.001890025 0.001371099
4707.6 0.96005 0.920629 0.838843 0.793677 0.742866 0.682697 0.606347 0.500051 0.343242 0.09667902 0.0367654 0.01780907 0.009887335 0.005998337 0.003876331 0.002627547 0.001849318 0.001341913
4731.2 0.96015 0.920812 0.839095 0.793873 0.742882 0.682295 0.605008 0.496543 0.335948 0.09354427 0.03574874 0.01736169 0.00965318 0.005861712 0.003790414 0.002570456 0.001809735 0.001313523
4754.8 0.960248 0.920992 0.839342 0.794062 0.742887 0.68187 0.603615 0.49289 0.328479 0.09053044 0.03476677 0.01692802 0.009425712 0.005728809 0.003706761 0.002514833 0.001771151 0.001285839
4778.4 0.960345 0.92117 0.839585 0.794244 0.742881 0.681423 0.60217 0.489093 0.320858 0.08763559 0.03381897 0.01650792 0.009204902 0.005599624 0.003625374 0.002460682 0.00173357 0.001258866
4802.0 0.960442 0.921347 0.839826 0.794423 0.742868 0.680961 0.600679 0.485156 0.313117 0.08485875 0.03290513 0.01610144 0.0089908 0.005474199 0.003546285 0.002408026 0.00169701 0.001232615
4825.6 0.960538 0.921523 0.840063 0.794596 0.742845 0.680477 0.599133 0.481064 0.305262 0.08219111 0.03202261 0.01570751 0.008782889 0.005352242 0.003469316 0.00235675 0.001661392 0.001207031
4849.2 0.960633 0.921696 0.840295 0.794762 0.742809 0.679969 0.597528 0.476804 0.297307 0.07962573 0.03116937 0.01532533 0.008580773 0.005233534 0.003394333 0.002306767 0.001626655 0.001182072
4872.8 0.960727 0.921868 0.840524 0.794923 0.742767 0.679443 0.59587 0.472384 0.289298 0.07716388 0.03034602 0.01495529 0.008384686 0.005118222 0.003321433 0.002258142 0.001592847 0.001157772
4896.4 0.960821 0.922039 0.840752 0.795082 0.742717 0.678899 0.594159 0.467798 0.281259 0.07480027 0.02955111 0.01459683 0.008194362 0.00500616 0.003250527 0.002210819 0.001559931 0.001134104
4920.0 0.960913 0.922208 0.840973 0.795231 0.742652 0.678325 0.592376 0.463015 0.273188 0.07252367 0.02878119 0.01424848 0.008009058 0.004896923 0.003181353 0.002164625 0.001527784 0.001110983
4943.6 0.961005 0.922375 0.841192 0.795377 0.742579 0.677733 0.590535 0.458053 0.265144 0.07033752 0.02803764 0.01391097 0.007829178 0.004790755 0.003114067 0.002119665 0.001496484 0.001088463
4967.2 0.961097 0.922541 0.84141 0.795519 0.742499 0.677121 0.588635 0.452906 0.257153 0.06823766 0.02731937 0.01358389 0.007654528 0.004687552 0.003048608 0.002075902 0.001466004 0.001066525
4990.8 0.961187 0.922706 0.841622 0.795653 0.742406 0.676481 0.58666 0.447547 0.24922 0.06621548 0.02662375 0.01326612 0.007484544 0.00458699 0.002984774 0.0020332 0.00143625 0.001045104
5014.4 0.961276 0.922868 0.84183 0.795782 0.742303 0.675818 0.584616 0.441983 0.241386 0.06427041 0.02595086 0.01295777 0.007319303 0.004489122 0.002922602 0.001991587 0.001407244 0.001024214
5038.0 0.961365 0.92303 0.842037 0.795907 0.742191 0.675133 0.582503 0.436214 0.233679 0.06240053 0.02530031 0.01265875 0.007158774 0.004393938 0.002862088 0.001951063 0.001378984 0.001003856
5061.6 0.961453 0.92319 0.84224 0.796027 0.74207 0.674424 0.580316 0.430227 0.226114 0.06060066 0.02467059 0.01236843 0.007002646 0.004301262 0.002803124 0.001911554 0.001351422 0.0009839936
5085.2 0.96154 0.923348 0.842438 0.796139 0.741935 0.673685 0.578044 0.424005 0.218699 0.05886564 0.02406018 0.01208618 0.006850598 0.004210909 0.002745596 0.001872987 0.001324506 0.0009645915
5108.8 0.961627 0.923505 0.842634 0.796248 0.741792 0.672924 0.575695 0.417565 0.211467 0.05719629 0.02346961 0.0118123 0.006702813 0.004122994 0.002689579 0.001835414 0.001298273 0.0009456761
5132.4 0.961713 0.923661 0.842828 0.796353 0.741641 0.672139 0.573266 0.410903 0.204431 0.05558964 0.0228981 0.0115465 0.006559146 0.004037439 0.002635027 0.001798804 0.001272703 0.0009272332
5156.0 0.961798 0.923816 0.843018 0.79645 0.741475 0.671322 0.570742 0.403996 0.197583 0.05403902 0.02234354 0.01128786 0.00641912 0.003953965 0.002581764 0.001763041 0.001247716 0.0009092049
5179.6 0.961882 0.923968 0.843204 0.796543 0.7413 0.670479 0.568129 0.396862 0.190946 0.0525451 0.02180638 0.01103663 0.006282893 0.003872673 0.002529856 0.001728171 0.001223343 0.0008916152
5203.2 0.961966 0.924121 0.843388 0.796631 0.741116 0.66961 0.565425 0.389509 0.184526 0.05110597 0.02128617 0.01079267 0.006150394 0.003793526 0.002479284 0.001694181 0.001199576 0.0008744582
5226.8 0.96205 0.924271 0.84357 0.796715 0.740921 0.668712 0.562622 0.381933 0.178321 0.04971786 0.02078178 0.0105555 0.006021379 0.003716384 0.002429958 0.001661013 0.001176376 0.0008577053
5250.4 0.962132 0.92442 0.843747 0.796792 0.740713 0.667781 0.559709 0.374131 0.172326 0.04837732 0.02029217 0.01032466 0.005895621 0.003641115 0.002381799 0.001628613 0.001153705 0.0008413303
5274.0 0.962214 0.924569 0.843922 0.796865 0.740496 0.666823 0.556694 0.366133 0.16655 0.04708474 0.01981766 0.01010036 0.005773242 0.003567798 0.002334858 0.001597018 0.001131589 0.0008253518
5297.6 0.962296 0.924716 0.844096 0.796934 0.74027 0.665837 0.553571 0.357953 0.160993 0.04583804 0.01935771 0.00988239 0.005654135 0.003496374 0.002289098 0.001566204 0.001110012 0.0008097588
5321.2 0.962377 0.924861 0.844264 0.796996 0.740029 0.664813 0.550322 0.349588 0.155638 0.04463286 0.01891087 0.009670106 0.005537968 0.003426648 0.002244398 0.00153609 0.001088918 0.0007945106
5344.8 0.962456 0.925005 0.844429 0.797052 0.739777 0.663757 0.54695 0.341073 0.150488 0.04346903 0.01847727 0.009463598 0.0054248 0.003358659 0.002200785 0.001506694 0.001068321 0.0007796173
5368.4 0.962536 0.925149 0.844593 0.797105 0.739515 0.66267 0.543455 0.332438 0.145543 0.04234555 0.01805669 0.009262806 0.00531461 0.003292398 0.002158254 0.001478015 0.001048219 0.0007650784
5392.0 0.962615 0.925291 0.844754 0.797153 0.739242 0.661549 0.539829 0.323708 0.140794 0.0412603 0.01764852 0.009067469 0.005207263 0.003227791 0.002116758 0.001450021 0.001028591 0.0007508789
5415.6 0.962693 0.925431 0.844911 0.797193 0.738954 0.660388 0.536052 0.314893 0.136226 0.04020967 0.01725154 0.008877045 0.005102473 0.003164666 0.00207619 0.001422642 0.001009387 0.0007369831
5439.2 0.962771 0.925571 0.845065 0.79723 0.738656 0.659192 0.532133 0.306047 0.131842 0.03919458 0.01686623 0.008691793 0.005000392 0.00310312 0.002036613 0.001395921 0.0009906389 0.0007234133
5462.8 0.962848 0.92571 0.845217 0.797262 0.738347 0.657961 0.528065 0.297202 0.127637 0.03821352 0.01649217 0.008511542 0.004900934 0.003043105 0.001997998 0.001369837 0.0009723324 0.0007101599
5486.4 0.962924 0.925847 0.845366 0.797288 0.738024 0.656689 0.523834 0.288382 0.123598 0.03726414 0.0161286 0.008335951 0.004803922 0.002984516 0.001960278 0.001344348 0.0009544375 0.0006972016
5510.0 0.963 0.925983 0.845511 0.797308 0.737688 0.655374 0.519429 0.279616 0.119717 0.03634482 0.01577502 0.008164811 0.004709247 0.002927291 0.001923416 0.001319428 0.0009369369 0.0006845257
5533.6 0.963076 0.926118 0.845654 0.797324 0.73734 0.65402 0.514853 0.270948 0.115995 0.0354556 0.01543155 0.007998208 0.004616965 0.002871467 0.001887436 0.001295094 0.0009198428 0.0006721414
5557.2 0.963151 0.926252 0.845795 0.797335 0.736981 0.652626 0.510098 0.262408 0.112423 0.03459525 0.01509784 0.007835995 0.004527003 0.002817002 0.001852313 0.00127133 0.0009031442 0.0006600408
5580.8 0.963225 0.926385 0.845933 0.79734 0.736607 0.651184 0.505145 0.254008 0.108989 0.03376136 0.01477307 0.007677796 0.004439158 0.002763778 0.001817971 0.001248086 0.0008868056 0.0006481984
5604.4 0.963298 0.926517 0.846068 0.797339 0.736219 0.649697 0.499991 0.245778 0.105691 0.03295354 0.01445718 0.007523609 0.004353439 0.0027118 0.001784415 0.001225365 0.0008708301 0.0006366165
5628.0 0.963372 0.926647 0.8462 0.797334 0.73582 0.648165 0.494632 0.237746 0.102525 0.03217134 0.0141501 0.007373414 0.004269839 0.002661068 0.001751646 0.001203168 0.000855219 0.0006252963
5651.6 0.963445 0.926778 0.846331 0.797325 0.735408 0.646586 0.489061 0.229926 0.09948403 0.03141375 0.01385151 0.007227084 0.004188295 0.002611547 0.001719642 0.001181481 0.0008399621 0.0006142306
5675.2 0.963517 0.926906 0.846457 0.797309 0.73498 0.644953 0.483254 0.222316 0.09655782 0.03067844 0.0135606 0.007084239 0.004108601 0.002563113 0.001688324 0.001160252 0.0008250228 0.0006033928
5698.8 0.963588 0.927034 0.846582 0.797288 0.734539 0.643268 0.477215 0.21494 0.09374542 0.02996571 0.01327755 0.006944988 0.004030824 0.002515809 0.001657722 0.001139499 0.0008104151 0.0005927933
5722.4 0.96366 0.927161 0.846704 0.797263 0.734084 0.641532 0.470938 0.207805 0.09104257 0.02927491 0.0130022 0.006809268 0.003954934 0.002469619 0.001627826 0.001119218 0.0007961351 0.0005824295
5746.0 0.963731 0.927288 0.846825 0.797233 0.733617 0.639742 0.464417 0.200914 0.08844399 0.02860518 0.01273428 0.00667696 0.003880871 0.002424508 0.001598613 0.001099394 0.0007821732 0.0005722944
5769.6 0.963801 0.927412 0.84694 0.797195 0.73313 0.637887 0.457626 0.194255 0.08593959 0.02795435 0.01247299 0.006547693 0.003808431 0.002380355 0.001570007 0.001079974 0.0007684925 0.0005623614
5793.2 0.96387 0.927536 0.847054 0.797152 0.732629 0.635973 0.450577 0.18784 0.08353039 0.02732308 0.01221866 0.006421643 0.003737718 0.002337225 0.00154205 0.001060988 0.0007551141 0.0005526459
5816.8 0.96394 0.927659 0.847165 0.797105 0.732114 0.633998 0.443269 0.181668 0.08121201 0.02671064 0.01197107 0.006298713 0.003668683 0.002295089 0.001514724 0.001042425 0.0007420299 0.0005431421
5840.4 0.964009 0.927781 0.847275 0.797053 0.731585 0.631961 0.435698 0.175733 0.07898019 0.02611631 0.01172998 0.006178804 0.003601274 0.002253918 0.001488011 0.001024272 0.0007292316 0.0005338442
5864.0 0.964077 0.927902 0.84738 0.796993 0.731036 0.62985 0.427848 0.170019 0.07682691 0.02553834 0.01149475 0.006061608 0.003535323 0.002213611 0.001461847 0.001006486 0.0007166886 0.00052473
5887.6 0.964145 0.928022 0.847484 0.796929 0.730473 0.627671 0.41974 0.164532 0.0747528 0.02497725 0.01126564 0.005947268 0.003470913 0.002174219 0.001436265 0.0009890896 0.0007044179 0.000515812
5911.2 0.964212 0.928141 0.847585 0.79686 0.729894 0.62542 0.411381 0.159265 0.07275426 0.02443241 0.01104245 0.005835697 0.003408002 0.002135719 0.001411251 0.000972074 0.0006924126 0.0005070851
5934.8 0.964279 0.92826 0.847685 0.796786 0.729299 0.623095 0.402782 0.154209 0.07082775 0.02390322 0.01082499 0.005726809 0.003346542 0.002098083 0.001386788 0.0009554276 0.0006806649 0.0004985439
5958.4 0.964346 0.928377 0.847779 0.796704 0.728683 0.620683 0.393935 0.149348 0.06896658 0.02338815 0.01061267 0.005620327 0.003286384 0.00206122 0.001362817 0.0009391109 0.0006691471 0.0004901683
5982.0 0.964411 0.928493 0.847872 0.796617 0.72805 0.61819 0.384882 0.144683 0.06717144 0.02288769 0.01040575 0.005516383 0.003227602 0.002025179 0.00133937 0.0009231459 0.0006578749 0.0004819698
6005.6 0.964477 0.928609 0.847963 0.796525 0.7274 0.615612 0.375646 0.140208 0.06543949 0.02240134 0.01020405 0.005414907 0.003170163 0.00198994 0.001316434 0.0009075243 0.0006468425 0.0004739443
6029.2 0.964542 0.928724 0.848052 0.796428 0.726733 0.612945 0.366255 0.135914 0.06376788 0.02192859 0.01000742 0.005315827 0.003114028 0.001955479 0.001293996 0.0008922368 0.0006360436 0.0004660872
6052.8 0.964607 0.928838 0.848137 0.796322 0.726044 0.610177 0.356721 0.131786 0.06215112 0.02146816 0.00981535 0.0052189 0.003059063 0.001921716 0.001272004 0.0008772483 0.0006254535 0.0004583806
6076.4 0.964671 0.92895 0.84822 0.796212 0.725336 0.607311 0.347099 0.127823 0.06058973 0.02102043 0.009628052 0.005124239 0.003005334 0.001888693 0.001250484 0.0008625778 0.0006150858 0.0004508345
6100.0 0.964735 0.929063 0.8483 0.796097 0.724609 0.604344 0.337427 0.12402 0.05908131 0.02058497 0.009445371 0.005031775 0.002952805 0.00185639 0.001229424 0.0008482167 0.0006049344 0.0004434447
6123.6 0.964799 0.929174 0.848379 0.795976 0.723864 0.60127 0.327745 0.120367 0.05762365 0.02016136 0.009267176 0.00494145 0.002901448 0.001824788 0.001208814 0.0008341578 0.0005949945 0.0004362076
6147.2 0.964861 0.929284 0.848454 0.795847 0.723094 0.598076 0.318075 0.116854 0.05621235 0.01974856 0.009093054 0.004853065 0.002851149 0.00179382 0.00118861 0.0008203716 0.0005852453 0.0004291081
6170.8 0.964924 0.929393 0.848526 0.795712 0.722303 0.594762 0.308472 0.113478 0.05484734 0.01934674 0.008923113 0.00476668 0.002801947 0.001763511 0.001168826 0.0008068693 0.0005756947 0.0004221521
6194.4 0.964986 0.929502 0.848596 0.795572 0.721491 0.591325 0.298975 0.110233 0.05352709 0.01895566 0.008757276 0.004682265 0.002753827 0.001733851 0.00114946 0.0007936477 0.0005663407 0.0004153381
6218.0 0.965048 0.92961 0.848664 0.795426 0.720659 0.587759 0.28962 0.107115 0.05224971 0.01857493 0.008595417 0.004599762 0.002706757 0.001704823 0.001130499 0.0007806991 0.000557178 0.0004086625
6241.6 0.965109 0.929717 0.848729 0.795273 0.719801 0.58405 0.280426 0.104112 0.05101205 0.01820381 0.008437242 0.004519028 0.00266066 0.00167638 0.001111913 0.000768003 0.000548192 0.0004021145
6265.2 0.96517 0.929823 0.848791 0.795113 0.718918 0.580193 0.271425 0.101223 0.04981317 0.01784219 0.008282728 0.004440057 0.002615533 0.00164852 0.001093701 0.0007555595 0.0005393831 0.0003956945
6288.8 0.96523 0.929928 0.848851 0.794947 0.718013 0.576186 0.262647 0.09844198 0.04865225 0.01748996 0.008131861 0.00436285 0.002571378 0.001621247 0.001075867 0.0007433702 0.0005307523 0.0003894034
6312.4 0.96529 0.930033 0.848909 0.794776 0.717084 0.572021 0.25411 0.09576567 0.04752781 0.01714685 0.007984542 0.004287362 0.002528173 0.001594546 0.0010584 0.0007314291 0.0005222956 0.0003832382
6336.0 0.96535 0.930137 0.848963 0.794597 0.716128 0.567685 0.24582 0.09318697 0.04643765 0.01681233 0.00784057 0.004213495 0.002485863 0.001568384 0.00104128 0.0007197222 0.0005140032 0.0003771918
6359.6 0.965409 0.930239 0.849015 0.794411 0.715144 0.563166 0.237786 0.09070053 0.04538004 0.01648601 0.007699797 0.004141179 0.00244441 0.00154274 0.001024492 0.0007082397 0.000505868 0.0003712593
6383.2 0.965468 0.930341 0.849064 0.794218 0.714134 0.558462 0.230023 0.08830475 0.04435482 0.01616796 0.007562279 0.004070447 0.002403835 0.001517627 0.001008046 0.0006969878 0.0004978948 0.0003654439
6406.8 0.965527 0.930443 0.849111 0.79402 0.713097 0.553564 0.222533 0.08599555 0.04336074 0.01585793 0.007427925 0.004001259 0.002364115 0.001493031 0.0009919339 0.0006859614 0.0004900798 0.0003597431
6430.4 0.965585 0.930544 0.849156 0.793815 0.712032 0.548461 0.215315 0.08376887 0.04239656 0.01555566 0.007296638 0.00393357 0.002325227 0.001468938 0.0009761457 0.0006751542 0.0004824187 0.0003541537
6454.0 0.965643 0.930643 0.849198 0.793601 0.710935 0.543133 0.208357 0.08161757 0.04145964 0.01526043 0.007168129 0.003867234 0.00228709 0.001445299 0.0009606496 0.0006645442 0.000474896 0.0003486646
6477.6 0.9657 0.930742 0.849237 0.793381 0.709808 0.537579 0.201666 0.07954186 0.04055051 0.01497251 0.00704253 0.003802325 0.002249746 0.00142214 0.0009454635 0.0006541441 0.0004675208 0.0003432823
6501.2 0.965757 0.930841 0.849275 0.793155 0.708651 0.53179 0.195237 0.07753839 0.03966811 0.01469167 0.006919761 0.003738805 0.002213176 0.001399451 0.0009305803 0.0006439488 0.0004602896 0.0003380043
6524.8 0.965814 0.930939 0.84931 0.792923 0.707463 0.525753 0.189061 0.07560398 0.03881146 0.0144177 0.006799743 0.003676639 0.00217736 0.00137722 0.0009159925 0.0006339537 0.0004531989 0.0003328282
6548.4 0.96587 0.931036 0.849342 0.792681 0.706239 0.519449 0.183127 0.07373377 0.03797877 0.01415013 0.006682287 0.003615731 0.002142244 0.001355413 0.0009016792 0.0006241442 0.0004462388 0.0003277467
6572.0 0.965926 0.931132 0.849371 0.792432 0.70498 0.512871 0.177428 0.07192575 0.03716953 0.01388888 0.006567369 0.003556074 0.002107827 0.001334031 0.0008876395 0.00061452 0.000439409 0.0003227596
6595.6 0.965982 0.931227 0.849397 0.792176 0.703686 0.506013 0.171958 0.07017834 0.03638335 0.0136339 0.006454987 0.00349767 0.002074111 0.001313074 0.0008738751 0.0006050824 0.0004327104 0.0003178677
6619.2 0.966037 0.931322 0.849422 0.791913 0.702356 0.498867 0.166711 0.06848901 0.03561942 0.01338502 0.006345078 0.003440489 0.002041078 0.001292534 0.00086038 0.0005958274 0.0004261402 0.0003130689
6642.8 0.966092 0.931416 0.849444 0.791643 0.700989 0.491421 0.161673 0.06685478 0.03487673 0.01314198 0.00623754 0.003384484 0.002008703 0.001272393 0.0008471438 0.0005867478 0.0004196935 0.0003083597
6666.4 0.966146 0.931509 0.849462 0.791363 0.699578 0.483658 0.156832 0.06527168 0.03415375 0.01290437 0.006132201 0.003329565 0.001976937 0.001252623 0.0008341467 0.0005778303 0.0004133609 0.0003037332
6690.0 0.966201 0.931602 0.849479 0.791075 0.698128 0.475586 0.152186 0.06373972 0.03345076 0.01267233 0.00602914 0.00327578 0.001945805 0.00123324 0.0008214003 0.0005690829 0.000407148 0.0002991936
6713.6 0.966254 0.931693 0.849492 0.79078 0.696637 0.467204 0.147726 0.06225685 0.03276708 0.01244572 0.005928302 0.0032231 0.001915295 0.001214236 0.0008088995 0.0005605021 0.0004010524 0.0002947392
6737.2 0.966308 0.931785 0.849504 0.790478 0.695103 0.458516 0.143444 0.06082103 0.03210204 0.01222437 0.005829626 0.003171499 0.001885391 0.001195601 0.0007966382 0.000552084 0.0003950714 0.0002903679
6760.8 0.966361 0.931875 0.849512 0.790166 0.693521 0.449515 0.139327 0.05942904 0.03145438 0.01200794 0.005732965 0.003120902 0.001856051 0.00117731 0.0007845996 0.0005438171 0.0003891969 0.0002860739
6784.4 0.966414 0.931965 0.849518 0.789845 0.691891 0.440218 0.13537 0.05807967 0.03082377 0.01179635 0.005638304 0.003071303 0.001827272 0.001159362 0.0007727833 0.000535701 0.0003834287 0.0002818572
6808.0 0.966466 0.932054 0.849521 0.789516 0.690214 0.430645 0.131567 0.05677196 0.03020995 0.01158959 0.00554564 0.003022703 0.001799056 0.001141758 0.0007611904 0.0005277367 0.0003777675 0.0002777181
6831.6 0.966519 0.932142 0.849522 0.78918 0.688486 0.420821 0.127911 0.05550432 0.02961239 0.01138754 0.005454927 0.002975082 0.001771392 0.001124492 0.0007498164 0.0005199212 0.0003722111 0.0002736552
6855.2 0.966571 0.93223 0.849521 0.788835 0.686708 0.410773 0.124395 0.05427518 0.02903056 0.01119005 0.005366114 0.002928414 0.001744266 0.001107555 0.0007386561 0.0005122512 0.0003667573 0.0002696668
6878.8 0.966622 0.932318 0.849516 0.78848 0.68487 0.400517 0.121007 0.05308106 0.02846298 0.01099668 0.005279009 0.002882601 0.001717622 0.001090912 0.000727687 0.0005047108 0.000361395 0.0002657448
6902.4 0.966674 0.932404 0.849509 0.788116 0.682976 0.390111 0.117748 0.05192263 0.02791014 0.01080765 0.005193714 0.002837699 0.001691492 0.001074584 0.0007169227 0.0004973098 0.0003561309 0.0002618943
6926.0 0.966725 0.93249 0.8495 0.787743 0.681023 0.379597 0.11461 0.05079845 0.02737154 0.01062281 0.005110177 0.002793683 0.001665864 0.001058564 0.0007063581 0.0004900448 0.0003509628 0.0002581135
6949.6 0.966775 0.932576 0.849488 0.787362 0.67901 0.369025 0.111587 0.04970729 0.02684671 0.01044207 0.005028359 0.002750534 0.001640726 0.001042844 0.0006959893 0.000482913 0.0003458887 0.000254401
6973.2 0.966826 0.932661 0.849474 0.78697 0.676932 0.358437 0.108675 0.04864746 0.02633502 0.01026523 0.004948182 0.002708214 0.001616058 0.001027413 0.0006858077 0.0004759085 0.0003409045 0.000250754
6996.8 0.966876 0.932744 0.849455 0.786567 0.674781 0.347873 0.105865 0.04761706 0.02583569 0.01009207 0.004869552 0.002666673 0.001591831 0.001012252 0.000675802 0.0004690239 0.0003360049 0.0002471684
7020.4 0.966925 0.932827 0.849434 0.786154 0.672561 0.337397 0.103156 0.04661622 0.0253489 0.009922694 0.004792519 0.002625942 0.001568064 0.0009973728 0.00066598 0.0004622643 0.0003311935 0.000243647
7044.0 0.966975 0.93291 0.84941 0.785732 0.670269 0.327051 0.100543 0.04564382 0.02487425 0.00975699 0.004717042 0.002585999 0.001544744 0.0009827691 0.0006563372 0.0004556269 0.0003264685 0.0002401884
7067.6 0.967024 0.932992 0.849384 0.7853 0.6679 0.316877 0.0980224 0.04469883 0.02441135 0.00959486 0.004643083 0.002546827 0.001521863 0.0009684344 0.0006468698 0.0004491089 0.0003218278 0.0002367912
7091.2 0.967072 0.933073 0.849355 0.784857 0.665449 0.3069 0.09558766 0.04377952 0.02395947 0.009436083 0.004570546 0.002508377 0.001499391 0.0009543518 0.0006375665 0.0004427028 0.0003172662 0.0002334515
7114.8 0.967121 0.933153 0.849322 0.784401 0.66291 0.29715 0.09323505 0.04288499 0.02351829 0.00928057 0.004499397 0.002470631 0.00147732 0.0009405155 0.0006284237 0.0004364061 0.0003127818 0.000230168
7138.4 0.967169 0.933233 0.849288 0.783936 0.660284 0.287662 0.09096296 0.04201513 0.02308784 0.009128368 0.004429662 0.002433606 0.001455659 0.0009269318 0.0006194456 0.0004302217 0.0003083769 0.0002269423
7162.0 0.967217 0.933312 0.84925 0.78346 0.657567 0.278453 0.08876777 0.04116903 0.02266778 0.008979384 0.004361305 0.002397283 0.001434398 0.0009135947 0.0006106285 0.0004241471 0.0003040495 0.0002237731
7185.6 0.967264 0.933391 0.84921 0.782973 0.654754 0.269535 0.08664623 0.04034589 0.02225781 0.008833539 0.004294294 0.002361648 0.00141353 0.0009004992 0.000601969 0.0004181801 0.0002997983 0.0002206593
7209.2 0.967311 0.933469 0.849166 0.782472 0.651833 0.260908 0.08459292 0.03954407 0.02185719 0.008690601 0.004228529 0.002326648 0.001393024 0.0008876265 0.0005934549 0.0004123123 0.0002956171 0.0002175966
7232.8 0.967358 0.933546 0.849118 0.781959 0.648803 0.25258 0.08260602 0.03876324 0.02146587 0.008550566 0.00416401 0.002292285 0.001372881 0.0008749782 0.0005850872 0.0004065444 0.0002915066 0.0002145853
7256.4 0.967404 0.933622 0.849069 0.781434 0.645661 0.244558 0.08068389 0.03800316 0.02108377 0.008413441 0.004100749 0.002258566 0.001353106 0.0008625568 0.0005768678 0.0004008777 0.0002874678 0.0002116262
7280.0 0.967451 0.933698 0.849016 0.780898 0.642402 0.236839 0.07882373 0.03726308 0.02071063 0.008279148 0.00403871 0.002225475 0.00133369 0.0008503569 0.0005687932 0.0003953099 0.0002834989 0.0002087181
7303.6 0.967497 0.933774 0.848961 0.78035 0.639018 0.229418 0.07702295 0.03654233 0.02034617 0.008147613 0.003977866 0.002192996 0.001314625 0.0008383737 0.0005608601 0.0003898389 0.0002795985 0.0002058599
7327.2 0.967542 0.933849 0.848903 0.779787 0.635497 0.222279 0.07527705 0.03583946 0.01998972 0.008018617 0.00391812 0.00216108 0.001295881 0.0008265888 0.0005530567 0.0003844563 0.0002757607 0.0002030473
7350.8 0.967587 0.933923 0.848841 0.779211 0.631835 0.215422 0.07358517 0.03515441 0.01964134 0.007892194 0.003859491 0.002129738 0.001277466 0.0008150073 0.0005453862 0.0003791646 0.0002719872 0.0002002815
7374.4 0.967633 0.933997 0.848777 0.778622 0.628028 0.20884 0.07194585 0.0344869 0.01930092 0.007768336 0.003801978 0.002098971 0.001259381 0.0008036294 0.000537849 0.0003739641 0.0002682783 0.0001975628
7398.0 0.967677 0.93407 0.84871 0.77802 0.624066 0.202524 0.07035694 0.03383634 0.01896825 0.007646975 0.003745555 0.002068765 0.001241618 0.000792451 0.0005304423 0.0003688527 0.0002646325 0.0001948902
7421.6 0.967722 0.934143 0.848641 0.777405 0.619941 0.196463 0.06881648 0.03320221 0.01864311 0.007528053 0.003690198 0.002039109 0.001224171 0.0007814679 0.0005231635 0.0003638289 0.0002610487 0.0001922627
7445.2 0.967766 0.934214 0.848567 0.776773 0.615635 0.19064 0.06732072 0.03258322 0.01832489 0.007411368 0.003635816 0.002009956 0.001207012 0.0007706631 0.0005160013 0.0003588847 0.0002575214 0.0001896765
7468.8 0.96781 0.934285 0.848489 0.776125 0.611143 0.185049 0.06586906 0.03197935 0.01801365 0.007296952 0.003582428 0.001981316 0.001190147 0.0007600407 0.0005089586 0.0003540223 0.000254052 0.0001871324
7492.4 0.967854 0.934356 0.84841 0.775463 0.606458 0.179684 0.06446055 0.03139045 0.01770935 0.007184809 0.003530038 0.001953193 0.00117358 0.0007496026 0.0005020367 0.0003492426 0.0002506411 0.000184631
7516.0 0.967897 0.934426 0.848327 0.774787 0.601568 0.174534 0.06309341 0.03081599 0.01741176 0.007074874 0.00347862 0.001925573 0.001157302 0.0007393439 0.0004952324 0.0003445433 0.0002472874 0.0001821713
7539.6 0.967941 0.934496 0.848242 0.774095 0.596461 0.169588 0.06176616 0.03025556 0.01712073 0.006967101 0.003428155 0.001898446 0.001141309 0.0007292617 0.0004885437 0.0003399233 0.0002439897 0.0001797525
7563.2 0.967983 0.934564 0.848152 0.773384 0.591116 0.164833 0.06047582 0.02970811 0.01683575 0.006861317 0.003378565 0.001871773 0.001125576 0.000719341 0.0004819609 0.0003353757 0.0002407435 0.0001773712
7586.8 0.968026 0.934632 0.848058 0.772655 0.585523 0.160262 0.05922166 0.0291735 0.0165568 0.006757529 0.003329855 0.001845557 0.001110107 0.0007095835 0.0004754851 0.0003309013 0.0002375491 0.0001750278
7610.4 0.968068 0.934699 0.847961 0.77191 0.579674 0.155869 0.05800317 0.0286517 0.01628389 0.006655753 0.003282038 0.001819804 0.001094905 0.000699992 0.0004691182 0.0003265016 0.0002344077 0.0001727231
7634.0 0.96811 0.934766 0.847862 0.771149 0.573553 0.151646 0.056819 0.02814231 0.01601686 0.006555941 0.003235091 0.001794504 0.001079964 0.000690563 0.000462858 0.000322175 0.0002313181 0.0001704561
7657.6 0.968151 0.934833 0.84776 0.770369 0.567147 0.147584 0.05566791 0.02764494 0.01575554 0.006458047 0.003188996 0.001769648 0.00106528 0.0006812932 0.0004567023 0.00031792 0.0002282794 0.0001682263
7681.2 0.968193 0.934899 0.847654 0.769571 0.560435 0.143673 0.05454785 0.02715888 0.01549959 0.006361952 0.0031437 0.001745208 0.001050835 0.0006721723 0.0004506444 0.000313732 0.0002252882 0.0001660312
7704.8 0.968234 0.934964 0.847544 0.768752 0.5534 0.139905 0.05345751 0.02668369 0.01524882 0.006267596 0.003099176 0.00172117 0.001036623 0.0006631958 0.0004446812 0.0003096089 0.000222343 0.0001638697
7728.4 0.968275 0.935029 0.847431 0.767914 0.546036 0.136277 0.05239696 0.02621956 0.01500335 0.006175035 0.003055454 0.00169755 0.001022653 0.0006543698 0.0004388169 0.0003055536 0.000219446 0.0001617433
7752.0 0.968316 0.935093 0.847315 0.767057 0.538329 0.132783 0.05136507 0.0257661 0.01476302 0.00608422 0.003012511 0.001674338 0.001008918 0.0006456907 0.0004330491 0.0003015646 0.0002165959 0.0001596513
7775.6 0.968356 0.935157 0.847196 0.766179 0.530269 0.129416 0.05036091 0.02532306 0.01452772 0.005995116 0.002970336 0.001651526 0.0009954162 0.000637156 0.0004273764 0.0002976407 0.0002137922 0.0001575931
7799.2 0.968396 0.93522 0.847074 0.765281 0.521843 0.126168 0.04938309 0.02488993 0.01429721 0.005907648 0.002928892 0.001629098 0.0009821358 0.0006287594 0.0004217943 0.000293779 0.0002110326 0.0001555671
7822.8 0.968436 0.935283 0.846946 0.764356 0.51303 0.123032 0.04842965 0.02446595 0.01407112 0.005821681 0.002888119 0.00160702 0.0009690578 0.0006204888 0.0004162951 0.0002899742 0.0002083134 0.0001535706
7846.4 0.968476 0.935344 0.846815 0.76341 0.503845 0.120006 0.04750124 0.02405154 0.01384968 0.005737314 0.002848066 0.001585319 0.0009561987 0.0006123545 0.0004108856 0.0002862309 0.0002056379 0.000151606
7870.0 0.968515 0.935406 0.846681 0.762441 0.494292 0.117086 0.046597 0.0236464 0.01363278 0.005654509 0.002808715 0.001563987 0.0009435536 0.0006043537 0.0004055638 0.0002825479 0.0002030052 0.0001496728
7893.6 0.968554 0.935467 0.846544 0.761449 0.484379 0.114267 0.04571613 0.02325028 0.01342029 0.005573232 0.002770054 0.001543017 0.0009311186 0.0005964839 0.0004003283 0.000278924 0.0002004145 0.0001477702
7917.2 0.968593 0.935528 0.846404 0.760434 0.474123 0.111544 0.04485782 0.02286291 0.0132121 0.005493446 0.002732065 0.0015224 0.0009188889 0.0005887422 0.0003951771 0.0002753582 0.0001978651 0.0001458978
7940.8 0.968632 0.935587 0.846258 0.759388 0.463525 0.108908 0.04401994 0.02248343 0.01300777 0.005414987 0.002694674 0.001502096 0.0009068406 0.0005811134 0.0003901003 0.0002718433 0.0001953518 0.0001440518
7964.4 0.96867 0.935645 0.846107 0.758315 0.452637 0.10636 0.04320303 0.02211215 0.01280749 0.005337938 0.00265792 0.001482128 0.0008949873 0.0005736065 0.0003851035 0.0002683835 0.0001928777 0.0001422345
7988.0 0.968708 0.935704 0.845954 0.757216 0.441501 0.103896 0.04240661 0.02174894 0.0126112 0.005262287 0.002621799 0.001462493 0.0008833281 0.0005662206 0.0003801867 0.0002649785 0.0001904426 0.0001404456
8011.6 0.968745 0.935762 0.845797 0.75609 0.430168 0.101514 0.04163005 0.0213936 0.01241882 0.005188004 0.0025863 0.001443186 0.0008718594 0.0005589538 0.0003753483 0.0002616275 0.0001880458 0.0001386848
8035.2 0.968783 0.935819 0.845636 0.754936 0.418691 0.09920778 0.04087268 0.0210459 0.01223025 0.005115058 0.002551408 0.001424199 0.0008605772 0.0005518035 0.0003705866 0.0002583292 0.0001856866 0.0001369514
8058.8 0.96882 0.935876 0.845471 0.75375 0.407117 0.09697391 0.04013322 0.02070532 0.01204521 0.005043353 0.002517079 0.001405509 0.0008494678 0.0005447611 0.0003658962 0.0002550798 0.0001833621 0.0001352434
8082.4 0.968857 0.935932 0.845301 0.75253 0.395504 0.09480832 0.03941091 0.02037158 0.01186358 0.004972843 0.002483292 0.001387105 0.0008385247 0.0005378226 0.000361274 0.0002518774 0.000181071 0.0001335599
8106.0 0.968894 0.935987 0.845127 0.751278 0.383931 0.09271087 0.03870611 0.0200449 0.0116855 0.004903588 0.002450078 0.001369004 0.000827758 0.0005309945 0.0003567247 0.0002487251 0.0001788155 0.0001319024
8129.6 0.96893 0.936043 0.84495 0.749995 0.372455 0.09067872 0.03801826 0.0197251 0.01151087 0.004835561 0.002417425 0.001351199 0.0008171643 0.0005242745 0.0003522468 0.0002456219 0.000176595 0.0001302705
8153.2 0.968967 0.936098 0.844769 0.748677 0.361133 0.08870929 0.03734689 0.01941201 0.01133962 0.004768738 0.002385322 0.001333685 0.0008067407 0.0005176611 0.0003478392 0.000242567 0.0001744089 0.0001286638
8176.8 0.969003 0.936152 0.844585 0.747325 0.350012 0.08679998 0.03669145 0.01910544 0.01117167 0.004703091 0.002353758 0.001316457 0.0007964837 0.0005111519 0.0003435004 0.0002395595 0.0001722564 0.0001270817
8200.4 0.969038 0.936205 0.844393 0.745929 0.339109 0.08494457 0.03605015 0.01880461 0.01100661 0.004638462 0.002322657 0.001299474 0.0007863694 0.0005047319 0.0003392204 0.0002365924 0.0001701327 0.0001255206
8224.0 0.969074 0.936257 0.844197 0.744494 0.328483 0.08314446 0.03542379 0.01850994 0.01084466 0.004574953 0.002292071 0.001282763 0.0007764142 0.0004984115 0.0003350061 0.0002336706 0.0001680412 0.0001239831
8247.6 0.969109 0.936309 0.843997 0.743021 0.318159 0.08139776 0.03481201 0.01822131 0.01068579 0.004512549 0.002261991 0.001266322 0.0007666164 0.0004921898 0.0003308571 0.0002307936 0.0001659817 0.000122469
8271.2 0.969144 0.936361 0.843793 0.741506 0.30816 0.07970246 0.03421442 0.01793858 0.01052993 0.004451229 0.00223241 0.001250145 0.0007569737 0.0004860653 0.0003267722 0.0002279608 0.0001639536 0.0001209779
8294.8 0.969178 0.936412 0.843585 0.73995 0.298495 0.07805653 0.03363056 0.0176616 0.01037701 0.004390968 0.002203318 0.001234228 0.0007474827 0.0004800359 0.0003227502 0.0002251713 0.0001619564 0.0001195094
8318.4 0.969213 0.936463 0.843372 0.738347 0.289165 0.07645679 0.03305958 0.01739 0.01022683 0.004331697 0.00217468 0.001218553 0.0007381331 0.0004740952 0.0003187867 0.0002224222 0.0001599878 0.0001180619
8342.0 0.969247 0.936512 0.843153 0.736691 0.280162 0.07490009 0.0325006 0.01712339 0.01007921 0.004273342 0.002146463 0.001203101 0.0007289139 0.000468236 0.0003148771 0.0002197101 0.0001580457 0.0001166337
8365.6 0.96928 0.936561 0.842929 0.734988 0.271503 0.07338751 0.03195423 0.01686212 0.009934322 0.004215984 0.002118707 0.001187894 0.0007198384 0.0004624671 0.0003110271 0.000217039 0.0001561327 0.0001152269
8389.2 0.969314 0.93661 0.842701 0.733235 0.263182 0.07191753 0.03142015 0.01660607 0.009792128 0.004159607 0.002091404 0.001172929 0.0007109045 0.0004567871 0.000307236 0.0002144085 0.0001542487 0.0001138412
8412.8 0.969348 0.936659 0.842469 0.73143 0.255192 0.07048846 0.03089798 0.01635509 0.009652554 0.004104185 0.002064544 0.0011582 0.0007021091 0.0004511939 0.0003035023 0.0002118176 0.0001523929 0.0001124763
8436.4 0.969381 0.936707 0.842233 0.72957 0.247523 0.06909884 0.03038738 0.01610906 0.009515543 0.004049701 0.002038118 0.001143703 0.0006934496 0.0004456862 0.0002998251 0.0002092657 0.0001505648 0.0001111316
8460.0 0.969414 0.936753 0.841989 0.727647 0.240154 0.06774517 0.02988726 0.01586749 0.009380831 0.003996053 0.002012079 0.001129412 0.0006849107 0.0004402541 0.0002961979 0.0002067481 0.0001487612 0.0001098049
8483.6 0.969446 0.936799 0.841739 0.725659 0.233077 0.06642691 0.02939761 0.0156304 0.00924844 0.003943253 0.001986432 0.00111533 0.0006764946 0.0004348991 0.0002926216 0.0002042657 0.0001469827 0.0001084965
8507.2 0.969478 0.936845 0.841484 0.723609 0.226289 0.0651442 0.02891864 0.01539794 0.009118455 0.003891339 0.001961198 0.001101468 0.0006682079 0.0004296254 0.0002890992 0.0002018204 0.0001452306 0.0001072076
8530.8 0.96951 0.93689 0.841225 0.721494 0.219777 0.06389578 0.02845006 0.01516997 0.00899082 0.003840292 0.001936367 0.001087822 0.000660048 0.0004244314 0.0002856296 0.0001994115 0.0001435045 0.0001059376
8554.4 0.969542 0.936935 0.840961 0.719311 0.21353 0.06268039 0.02799156 0.0149464 0.008865481 0.003790093 0.001911931 0.001074388 0.0006520124 0.0004193156 0.0002822118 0.0001970383 0.0001418038 0.0001046863
8578.0 0.969573 0.936979 0.840692 0.717055 0.207535 0.06149695 0.02754289 0.01472713 0.008742391 0.003740727 0.001887884 0.001061162 0.0006440991 0.0004142768 0.0002788448 0.0001947003 0.0001401282 0.0001034533
8601.6 0.969604 0.937022 0.840416 0.714715 0.201766 0.06034139 0.02710265 0.01451149 0.008621189 0.003692052 0.001864157 0.001048107 0.0006362859 0.0004093008 0.0002755195 0.0001923909 0.000138473 0.0001022353
8625.2 0.969635 0.937065 0.840133 0.712293 0.196225 0.05921517 0.02667152 0.01429984 0.008502084 0.003644156 0.001840793 0.001035246 0.0006285871 0.0004043967 0.0002722418 0.0001901144 0.0001368412 0.0001010345
8648.8 0.969666 0.937107 0.839846 0.709787 0.190902 0.05811789 0.02624949 0.01409222 0.008385093 0.003597046 0.001817797 0.001022583 0.0006210046 0.0003995658 0.0002690126 0.0001878713 0.0001352333 9.985112e-05
8672.4 0.969697 0.937149 0.839553 0.707193 0.185789 0.05704852 0.02583629 0.01388849 0.008270163 0.003550705 0.001795162 0.001010113 0.0006135359 0.0003948066 0.0002658309 0.000185661 0.0001336487 9.868491e-05
8696.0 0.969727 0.937191 0.839256 0.704507 0.180874 0.05600622 0.02543171 0.0136886 0.008157258 0.003505122 0.001772881 0.0009978336 0.0006061795 0.0003901182 0.0002626961 0.0001834831 0.0001320873 9.753564e-05
8719.6 0.969758 0.937233 0.838953 0.701724 0.176147 0.05499 0.02503551 0.01349244 0.008046326 0.003460278 0.001750947 0.0009857406 0.0005989328 0.0003854988 0.0002596071 0.0001813368 0.0001305484 9.640292e-05
8743.2 0.969787 0.937272 0.838639 0.69882 0.171586 0.05399608 0.0246463 0.01329934 0.007937 0.003416026 0.001729289 0.000973795 0.0005917727 0.0003809339 0.0002565541 0.0001792153 0.0001290272 9.528315e-05
8766.8 0.969816 0.937311 0.838319 0.695806 0.167197 0.05302656 0.024265 0.01310979 0.007829556 0.003372482 0.001707963 0.0009620281 0.000584718 0.0003764353 0.0002535451 0.0001771243 0.0001275277 9.417928e-05
8790.4 0.969845 0.937349 0.837993 0.692676 0.16297 0.0520808 0.02389148 0.01292372 0.007723969 0.003329637 0.001686966 0.0009504383 0.0005777676 0.0003720026 0.0002505798 0.0001750633 0.0001260498 9.309118e-05
8814.0 0.969874 0.937387 0.837662 0.689424 0.1589 0.05115815 0.02352557 0.01274109 0.007620211 0.003287482 0.001666294 0.0009390235 0.0005709205 0.000367635 0.0002476578 0.0001730323 0.0001245931 9.201873e-05
8837.6 0.969903 0.937425 0.837325 0.686042 0.154977 0.05025778 0.02316703 0.0125618 0.007518233 0.003245999 0.001645939 0.0009277796 0.0005641743 0.0003633309 0.0002447779 0.0001710303 0.0001231572 9.096153e-05
8861.2 0.969931 0.937463 0.836982 0.682524 0.151196 0.04937908 0.02281572 0.01238577 0.007418008 0.003205181 0.001625897 0.0009167045 0.0005575278 0.0003590899 0.0002419397 0.0001690573 0.0001217419 8.991944e-05
8884.8 0.969959 0.937498 0.836627 0.678839 0.147535 0.04851817 0.02247017 0.01221231 0.00731913 0.003164863 0.001606089 0.0009057546 0.0005509548 0.000354895 0.0002391322 0.0001671053 0.0001203417 8.888837e-05
8908.4 0.969987 0.937533 0.836266 0.674997 0.144003 0.04767756 0.02213144 0.01204196 0.007221922 0.003125179 0.00158658 0.0008949662 0.0005444773 0.0003507603 0.0002363647 0.0001651809 0.0001189612 8.787177e-05
8932.0 0.970014 0.937568 0.835899 0.67099 0.140595 0.04685679 0.02179946 0.01187469 0.007126368 0.003086125 0.001567369 0.0008843386 0.0005380948 0.0003466857 0.000233637 0.0001632841 0.0001176004 8.68696e-05
8955.6 0.970042 0.937603 0.835526 0.666807 0.137303 0.04605519 0.021474 0.01171041 0.007032424 0.003047684 0.001548449 0.000873868 0.0005318051 0.0003426697 0.0002309482 0.0001614142 0.0001162587 8.588152e-05
8979.2 0.970069 0.937638 0.835146 0.662437 0.134123 0.04527226 0.02115496 0.01154907 0.006940068 0.00300985 0.001529816 0.0008635528 0.0005256073 0.0003387117 0.0002282979 0.000159571 0.0001149361 8.490741e-05
9002.8 0.970096 0.937672 0.834759 0.657868 0.131051 0.04450736 0.02084212 0.0113906 0.006849259 0.002972608 0.001511463 0.0008533892 0.0005194992 0.0003348103 0.0002256853 0.0001577538 0.0001136321 8.394695e-05
9026.4 0.970122 0.937703 0.834359 0.653057 0.128069 0.0437572 0.02053423 0.01123436 0.006759634 0.00293581 0.001493319 0.0008433376 0.000513457 0.0003309505 0.0002231003 0.0001559555 0.0001123417 8.299641e-05
9050.0 0.970148 0.937735 0.833951 0.648015 0.125184 0.04302383 0.02023216 0.01108081 0.006671466 0.00289957 0.00147544 0.0008334292 0.0005074996 0.0003271442 0.0002205507 0.0001541819 0.0001110688 8.205876e-05
9073.6 0.970174 0.937765 0.833535 0.642729 0.122393 0.04230707 0.01993592 0.01092997 0.006584763 0.002863893 0.001457828 0.0008236656 0.0005016279 0.0003233922 0.0002180373 0.0001524332 0.0001098137 8.113418e-05
9097.2 0.970199 0.937796 0.833113 0.637182 0.119692 0.04160649 0.01964537 0.01078177 0.0064995 0.00282877 0.00144048 0.0008140451 0.000495841 0.0003196937 0.0002155594 0.0001507091 0.0001085762 8.022253e-05
9120.8 0.970225 0.937826 0.832683 0.631358 0.117077 0.04092155 0.01936036 0.01063616 0.006415643 0.002794189 0.00142339 0.0008045644 0.0004901369 0.0003160476 0.0002131164 0.0001490091 0.0001073559 7.932351e-05
9144.4 0.97025 0.937856 0.832245 0.625239 0.114544 0.04025182 0.01908076 0.01049308 0.006333163 0.00276014 0.001406553 0.0007952211 0.0004845143 0.000312453 0.0002107076 0.0001473328 0.0001061526 7.843693e-05
9168.0 0.970275 0.937884 0.831794 0.618773 0.112082 0.03959457 0.01880548 0.01035198 0.006251748 0.002726495 0.001389907 0.0007859806 0.0004789523 0.0003088967 0.0002083242 0.000145674 0.0001049618 7.755953e-05
9191.6 0.970299 0.937911 0.831332 0.611956 0.109692 0.03895082 0.01853499 0.01021312 0.006171547 0.002693317 0.001373483 0.0007768603 0.0004734616 0.0003053853 0.0002059707 0.000144036 0.0001037857 7.669296e-05
9215.2 0.970323 0.937938 0.830862 0.604782 0.107375 0.03832118 0.01826959 0.01007666 0.006092657 0.002660647 0.001357302 0.0007678721 0.0004680491 0.0003019236 0.0002036502 0.0001424207 0.000102626 7.583838e-05
9238.8 0.970347 0.937965 0.830384 0.597227 0.105128 0.03770522 0.01800915 0.009942537 0.00601505 0.002628476 0.001341359 0.0007590132 0.0004627134 0.0002985104 0.000201362 0.0001408278 0.0001014822 7.499555e-05
9262.4 0.97037 0.937991 0.829898 0.589273 0.102949 0.03710256 0.01775356 0.009810708 0.0059387 0.002596794 0.00132565 0.0007502814 0.0004574531 0.000295145 0.0001991056 0.000139257 0.0001003542 7.416427e-05
9286.0 0.970394 0.938017 0.829403 0.580901 0.100834 0.03651286 0.01750271 0.009681129 0.005863585 0.002565593 0.001310172 0.0007416749 0.0004522673 0.0002918268 0.0001968806 0.0001377078 9.924178e-05 7.334441e-05
9309.6 0.970417 0.938041 0.828894 0.572064 0.09877606 0.03593424 0.01725585 0.009553418 0.005789487 0.002534783 0.001294879 0.0007331694 0.0004471413 0.0002885463 0.0001946807 0.0001361761 9.814173e-05 7.253365e-05
9333.2 0.970439 0.938064 0.828369 0.562738 0.09677159 0.03536613 0.01701276 0.009427473 0.005716349 0.002504343 0.001279762 0.0007247588 0.0004420714 0.0002853014 0.0001925044 0.0001346606 9.705331e-05 7.173143e-05
9356.8 0.970461 0.938086 0.827836 0.552948 0.09482507 0.03481006 0.01677414 0.009303661 0.005644387 0.002474363 0.001264866 0.0007164685 0.000437073 0.0002821017 0.0001903582 0.000133166 9.597982e-05 7.094018e-05
9380.4 0.970483 0.938107 0.827292 0.542693 0.09293411 0.03426567 0.01653986 0.009181927 0.00557357 0.002444832 0.001250186 0.0007082955 0.0004321444 0.0002789462 0.0001882415 0.0001316918 9.492092e-05 7.015964e-05
9404.0 0.970504 0.938129 0.826739 0.531979 0.09109676 0.03373269 0.01630985 0.009062239 0.005503885 0.002415744 0.001235718 0.0007002387 0.0004272848 0.0002758346 0.000186154 0.0001302378 9.387649e-05 6.938975e-05
9427.6 0.970526 0.93815 0.826176 0.52082 0.0893108 0.03321075 0.01608399 0.008944543 0.005435301 0.002387089 0.001221458 0.0006922954 0.0004224927 0.0002727657 0.0001840949 0.0001288035 9.284617e-05 6.863021e-05
9451.2 0.970547 0.938171 0.825602 0.509239 0.08757364 0.03269937 0.0158621 0.008828753 0.005367771 0.002358848 0.001207398 0.0006844606 0.0004177652 0.0002697377 0.0001820631 0.0001273882 9.182936e-05 6.78806e-05
9474.8 0.970567 0.938188 0.825005 0.497193 0.08587356 0.03219533 0.0156428 0.008714162 0.005300885 0.00233085 0.001193452 0.0006766871 0.0004130737 0.0002667325 0.0001800464 0.0001259832 9.081994e-05 6.71364e-05
9498.4 0.970587 0.938205 0.824397 0.484819 0.08421995 0.03170161 0.01542743 0.008601466 0.005235051 0.002303267 0.001179705 0.0006690226 0.0004084472 0.0002637684 0.000178057 0.0001245972 8.982413e-05 6.640222e-05
9522.0 0.970607 0.938222 0.823777 0.472184 0.08261128 0.031218 0.01521591 0.008490636 0.005170254 0.002276094 0.001166156 0.0006614661 0.0004038849 0.0002608451 0.0001760949 0.0001232301 8.884181e-05 6.567794e-05
9545.6 0.970627 0.938239 0.823147 0.459363 0.0810458 0.03074418 0.01500814 0.008381627 0.00510647 0.002249321 0.0011528 0.0006540151 0.0003993855 0.0002579618 0.0001741594 0.0001218814 8.787268e-05 6.496335e-05
9569.2 0.970646 0.938256 0.822504 0.446437 0.07952205 0.03027993 0.01480405 0.008274406 0.005043683 0.002222942 0.001139635 0.0006466684 0.0003949483 0.0002551178 0.0001722501 0.0001205509 8.691659e-05 6.425835e-05
9592.8 0.970666 0.938272 0.82185 0.433492 0.07803854 0.029825 0.01460356 0.00816894 0.004981873 0.002196952 0.001126657 0.0006394241 0.000390572 0.0002523126 0.0001703667 0.0001192383 8.597332e-05 6.356277e-05
9616.4 0.970684 0.938285 0.821172 0.420539 0.07658664 0.02937693 0.01440561 0.008064671 0.004920719 0.002171214 0.0011138 0.0006322449 0.0003862343 0.0002495318 0.0001684995 0.0001179369 8.503802e-05 6.287305e-05
9640.0 0.970701 0.938296 0.820474 0.407682 0.07516789 0.02893635 0.01421048 0.007961764 0.004860316 0.00214577 0.001101083 0.0006251423 0.0003819421 0.0002467797 0.0001666514 0.0001166488 8.411222e-05 6.219029e-05
9663.6 0.970718 0.938307 0.819763 0.39504 0.07378582 0.0285045 0.01401877 0.007860526 0.004800846 0.002120698 0.001088546 0.0006181382 0.0003777085 0.0002440649 0.0001648282 0.0001153779 8.319876e-05 6.151663e-05
9687.2 0.970735 0.938318 0.819038 0.382672 0.07243922 0.02808118 0.01383039 0.007760927 0.004742296 0.002095991 0.001076186 0.0006112312 0.000373533 0.000241387 0.0001630296 0.0001141241 8.229751e-05 6.085192e-05
9710.8 0.970752 0.938328 0.818298 0.370626 0.07112695 0.02766621 0.0136453 0.007662939 0.004684649 0.002071646 0.001064001 0.00060442 0.0003694146 0.0002387454 0.0001612552 0.0001128871 8.14083e-05 6.019607e-05
9734.4 0.970769 0.938338 0.817545 0.358938 0.06984769 0.02725931 0.01346338 0.007566519 0.004627882 0.002047651 0.001051987 0.0005977022 0.0003653519 0.0002361392 0.0001595044 0.0001116665 8.053082e-05 5.954884e-05
9758.0 0.970786 0.938348 0.816776 0.347634 0.06860032 0.02686028 0.01328458 0.007471635 0.004571978 0.002024001 0.00104014 0.0005910762 0.000361344 0.0002335679 0.0001577769 0.000110462 7.966489e-05 5.891011e-05
9781.6 0.970801 0.938353 0.815971 0.336621 0.06737237 0.02646527 0.01310718 0.007377381 0.004516405 0.002000472 0.001028348 0.0005844793 0.000357353 0.000231007 0.0001560563 0.0001092622 7.880232e-05 5.827384e-05
9805.2 0.970815 0.938357 0.81515 0.326026 0.06617494 0.02607793 0.01293283 0.007284639 0.004461683 0.001977285 0.001016722 0.0005779734 0.0003534165 0.0002284808 0.0001543588 0.0001080785 7.795123e-05 5.7646e-05
9828.8 0.97083 0.938362 0.814312 0.315847 0.06500696 0.02569805 0.01276147 0.007193378 0.004407796 0.001954432 0.001005259 0.0005715569 0.0003495332 0.0002259885 0.0001526839 0.0001069105 7.71114e-05 5.702645e-05
9852.4 0.970844 0.938366 0.813457 0.30608 0.06386741 0.02532543 0.01259301 0.007103559 0.004354723 0.001931906 0.0009939545 0.0005652278 0.0003457023 0.0002235295 0.0001510313 0.0001057578 7.62826e-05 5.641501e-05
9876.0 0.970858 0.93837 0.812584 0.296719 0.06275556 0.02495995 0.01242743 0.007015173 0.00430246 0.001909706 0.0009828091 0.0005589859 0.0003419234 0.0002211035 0.0001494007 0.0001046206 7.546481e-05 5.581167e-05
9899.6 0.970873 0.938374 0.811694 0.287749 0.06167029 0.02460137 0.01226463 0.006928171 0.004250979 0.001887821 0.0009718169 0.0005528282 0.0003381949 0.0002187097 0.0001477916 0.0001034982 7.465767e-05 5.521617e-05
9923.2 0.970887 0.938377 0.81078 0.279122 0.06060637 0.02424805 0.01210388 0.00684217 0.004200055 0.001866155 0.0009609307 0.0005467283 0.0003345007 0.0002163376 0.000146197 0.0001023858 7.38577e-05 5.462592e-05
9946.8 0.970901 0.938379 0.809835 0.270789 0.05955838 0.02389828 0.01194441 0.006756759 0.004149446 0.001844607 0.0009500984 0.000540657 0.0003308233 0.000213976 0.0001446093 0.0001012782 7.30611e-05 5.403814e-05
9970.4 0.970914 0.938381 0.808871 0.262813 0.05853523 0.0235551 0.01178763 0.006672692 0.004099599 0.001823366 0.0009394163 0.0005346684 0.0003271954 0.0002116458 0.0001430426 0.0001001852 7.227497e-05 5.345807e-05
9994.0 0.970928 0.938383 0.807885 0.255179 0.0575362 0.02321838 0.01163348 0.006589948 0.004050503 0.001802429 0.0009288827 0.0005287615 0.0003236163 0.0002093469 0.0001414967 9.910666e-05 7.149918e-05 5.288561e-05
10017.6 0.970942 0.938384 0.806877 0.247869 0.05656051 0.02288794 0.01148191 0.006508498 0.004002143 0.00178179 0.0009184945 0.0005229347 0.0003200851 0.0002070784 0.0001399712 9.804226e-05 7.073356e-05 5.232062e-05
10041.2 0.970955 0.938386 0.805847 0.240869 0.05560747 0.02256367 0.01133287 0.006428321 0.003954507 0.001761444 0.0009082499 0.000517187 0.0003166013 0.00020484 0.0001384659 9.699186e-05 6.997796e-05 5.176301e-05
10064.8 0.970969 0.938387 0.804793 0.234162 0.05467636 0.02224538 0.01118629 0.006349389 0.003907579 0.001741386 0.0008981458 0.0005115167 0.0003131639 0.0002026313 0.0001369803 9.595518e-05 6.923219e-05 5.121264e-05
10088.4 0.97098 0.938383 0.80369 0.227671 0.05375794 0.02193001 0.01104078 0.006270946 0.003860912 0.001721424 0.0008880864 0.0005058701 0.0003097403 0.0002004311 0.0001355004 9.492238e-05 6.848919e-05 5.066428e-05
10112.0 0.970989 0.938374 0.802538 0.221398 0.05285313 0.02161792 0.01089651 0.006193087 0.003814562 0.001701584 0.0008780838 0.0005002539 0.0003063346 0.0001982422 0.0001340279 9.389473e-05 6.774985e-05 5.011861e-05
10135.6 0.970998 0.938364 0.801359 0.215382 0.05196898 0.02131158 0.01075462 0.006116439 0.003768904 0.001682024 0.000868219 0.0004947138 0.0003029745 0.0001960824 0.0001325749 9.288057e-05 6.702018e-05 4.958006e-05
10159.2 0.971007 0.938355 0.800152 0.209612 0.05110493 0.02101089 0.01061509 0.006040984 0.003723927 0.001662742 0.0008584902 0.0004892488 0.0002996593 0.0001939512 0.000131141 9.187974e-05 6.630007e-05 4.904854e-05
10182.8 0.971016 0.938345 0.798916 0.204073 0.05026036 0.02071572 0.01047786 0.005966697 0.003679619 0.001643733 0.0008488954 0.0004838576 0.0002963885 0.0001918483 0.0001297261 9.089203e-05 6.558937e-05 4.852394e-05
10206.4 0.971024 0.938335 0.797649 0.198754 0.04943468 0.02042591 0.01034288 0.005893556 0.003635966 0.001624992 0.0008394318 0.000478539 0.0002931611 0.0001897731 0.0001283296 8.991719e-05 6.48879e-05 4.800615e-05
10230.0 0.971033 0.938325 0.796351 0.193643 0.04862738 0.02014138 0.01021011 0.005821542 0.003592959 0.001606514 0.0008300979 0.000473292 0.0002899767 0.0001877253 0.0001269515 8.89551e-05 6.419556e-05 4.749507e-05
10253.6 0.971038 0.938306 0.794978 0.188656 0.04782629 0.01985787 0.01007759 0.005749589 0.003549962 0.001588028 0.0008207559 0.0004680391 0.0002867882 0.0001856747 0.0001255714 8.799155e-05 6.350215e-05 4.698318e-05
10277.2 0.971041 0.938283 0.793542 0.18382 0.04703612 0.01957708 0.009946103 0.005678126 0.003507232 0.001569643 0.0008114615 0.0004628118 0.0002836148 0.0001836335 0.0001241975 8.70323e-05 6.281179e-05 4.647353e-05
10300.8 0.971044 0.93826 0.792069 0.179169 0.04626352 0.01930142 0.009816783 0.005607772 0.003465139 0.001551519 0.0008022956 0.0004576555 0.000280484 0.0001816195 0.0001228418 8.608569e-05 6.213051e-05 4.597056e-05
10324.4 0.971047 0.938236 0.790557 0.174693 0.04550792 0.01903074 0.009689579 0.005538502 0.003423668 0.001533651 0.0007932554 0.0004525687 0.0002773949 0.0001796321 0.000121504 8.515146e-05 6.145811e-05 4.547413e-05
10348.0 0.97105 0.938212 0.789004 0.170385 0.04476893 0.01876497 0.009564461 0.005470302 0.003382814 0.001516036 0.0007843398 0.0004475509 0.0002743472 0.0001776711 0.0001201838 8.422954e-05 6.079452e-05 4.498419e-05
10371.6 0.971052 0.938187 0.787408 0.166234 0.04404598 0.01850396 0.009441374 0.005403145 0.00334256 0.001498667 0.0007755458 0.0004426003 0.0002713399 0.000175736 0.0001188809 8.331961e-05 6.013954e-05 4.450059e-05
10395.2 0.971055 0.938163 0.785767 0.162235 0.04333873 0.01824764 0.009320294 0.00533702 0.003302901 0.001481544 0.0007668725 0.0004377167 0.0002683728 0.0001738265 0.0001175951 8.242162e-05 5.949313e-05 4.40233e-05
10418.8 0.971053 0.938127 0.784012 0.158298 0.04263233 0.01799067 0.009198702 0.005270553 0.003263014 0.00146431 0.0007581401 0.0004327985 0.0002653842 0.000171903 0.0001162999 8.151693e-05 5.884188e-05 4.354241e-05
10442.4 0.971047 0.938084 0.782159 0.154452 0.04193213 0.017735 0.009077519 0.005204248 0.003223199 0.001447096 0.0007494143 0.0004278829 0.0002623968 0.00016998 0.0001150048 8.061237e-05 5.819068e-05 4.306155e-05
10466.0 0.971041 0.93804 0.780252 0.150744 0.04124724 0.01748397 0.008958337 0.005138975 0.003183982 0.001430128 0.0007408101 0.0004230347 0.0002594499 0.0001680828 0.0001137271 7.971984e-05 5.754811e-05 4.258705e-05
10489.6 0.971036 0.937996 0.778286 0.147167 0.04057714 0.01723746 0.008841101 0.005074707 0.003145346 0.0014134 0.0007323243 0.0004182522 0.0002565424 0.0001662109 0.0001124663 7.883906e-05 5.691397e-05 4.211875e-05
10513.2 0.97103 0.937952 0.776259 0.143715 0.03992153 0.0169954 0.008725793 0.005011438 0.003107288 0.001396911 0.0007239567 0.0004135351 0.0002536744 0.0001643642 0.0001112223 7.797e-05 5.628825e-05 4.165665e-05
10536.8 0.971024 0.937907 0.774167 0.140381 0.03927989 0.01675764 0.008612351 0.004949136 0.003069789 0.001380653 0.0007157035 0.0004088815 0.0002508445 0.0001625418 0.0001099947 7.711229e-05 5.567067e-05 4.120055e-05
10560.4 0.971018 0.937862 0.772009 0.137161 0.0386519 0.01652412 0.008500752 0.004887791 0.003032845 0.001364626 0.0007075641 0.000404291 0.0002480525 0.0001607437 0.0001087833 7.62659e-05 5.506121e-05 4.075043e-05
10584.0 0.971006 0.937803 0.769678 0.133968 0.0380214 0.01628886 0.008388138 0.004825832 0.002995511 0.001348418 0.00069933 0.0003996461 0.000245227 0.0001589238 0.0001075571 7.540914e-05 5.444426e-05 4.029477e-05
10607.6 0.970987 0.937728 0.767153 0.130797 0.03738716 0.01605136 0.008274273 0.004763127 0.002957705 0.001331994 0.0006909833 0.0003949366 0.0002423618 0.0001570781 0.0001063135 7.454012e-05 5.381846e-05 3.983255e-05
10631.2 0.970968 0.937653 0.764539 0.127735 0.03676681 0.01581824 0.008162323 0.00470142 0.002920479 0.001315811 0.0006827558 0.0003902933 0.0002395365 0.0001552579 0.000105087 7.368298e-05 5.320118e-05 3.93766e-05
10654.8 0.970948 0.937577 0.761828 0.124776 0.03615989 0.01558937 0.008052235 0.004640684 0.002883818 0.001299863 0.0006746445 0.0003857145 0.0002367499 0.0001534625 0.000103877 7.283742e-05 5.259221e-05 3.892678e-05
10678.4 0.970929 0.937501 0.759017 0.121916 0.03556601 0.01536465 0.007943969 0.004580898 0.002847709 0.001284145 0.0006666473 0.0003811991 0.0002340015 0.0001516915 0.0001026835 7.200323e-05 5.19914e-05 3.848298e-05
10702.0 0.97091 0.937424 0.756098 0.11915 0.03498485 0.01514399 0.007837496 0.004522049 0.002812146 0.001268654 0.0006587628 0.0003767463 0.0002312909 0.0001499447 0.0001015061 7.118029e-05 5.139868e-05 3.804513e-05
10725.6 0.97089 0.937347 0.753065 0.116474 0.03441601 0.01492729 0.007732769 0.004464115 0.002777117 0.001253385 0.0006509884 0.0003723547 0.0002286171 0.0001482214 0.0001003445 7.036836e-05 5.081385e-05 3.76131e-05
10749.2 0.970865 0.937257 0.749797 0.113824 0.03384629 0.01470954 0.007627372 0.004405759 0.002741812 0.001237986 0.000643145 0.0003679231 0.0002259186 0.000146482 9.917191e-05 6.954873e-05 5.022346e-05 3.717694e-05
10772.8 0.97082 0.937121 0.745992 0.111063 0.03324614 0.01447939 0.007515799 0.004343928 0.002704383 0.001221649 0.0006348211 0.0003632191 0.0002230537 0.0001446351 9.792682e-05 6.867835e-05 4.959647e-05 3.671373e-05
10796.4 0.970775 0.936985 0.742013 0.108397 0.03265943 0.01425361 0.00740616 0.004283111 0.002667546 0.00120556 0.0006266198 0.0003585831 0.0002202298 0.0001428145 9.669935e-05 6.782021e-05 4.897829e-05 3.625701e-05
10820.0 0.970729 0.936848 0.737846 0.10582 0.03208597 0.01403216 0.007298451 0.004223309 0.002631302 0.001189718 0.0006185418 0.0003540157 0.0002174472 0.0001410204 9.54896e-05 6.697443e-05 4.836897e-05 3.580682e-05
10843.6 0.970684 0.93671 0.733477 0.103328 0.03152521 0.01381488 0.007192598 0.004164482 0.002595629 0.001174115 0.0006105823 0.0003495143 0.0002147045 0.0001392517 9.429692e-05 6.614053e-05 4.776818e-05 3.536292e-05
10867.2 0.970638 0.936572 0.728889 0.100919 0.03097691 0.01360171 0.007088584 0.004106625 0.002560523 0.00115875 0.000602741 0.0003450787 0.0002120014 0.0001375084 9.312126e-05 6.531848e-05 4.71759e-05 3.492529e-05
10890.8 0.970592 0.936433 0.724065 0.09858797 0.03044075 0.01339258 0.006986379 0.004049723 0.002525976 0.001143619 0.0005950164 0.0003407082 0.0002093375 0.0001357902 9.196246e-05 6.450816e-05 4.659206e-05 3.449387e-05
10914.4 0.970546 0.936293 0.718985 0.09633135 0.02991625 0.01318733 0.006885917 0.003993742 0.002491969 0.001128714 0.0005874046 0.0003364003 0.0002067115 0.0001340962 9.08199e-05 6.370916e-05 4.601634e-05 3.406845e-05
10938.0 0.970434 0.936001 0.711856 0.0936245 0.02928037 0.01293766 0.006763511 0.003925467 0.002450469 0.001110512 0.0005781053 0.0003311363 0.000203502 0.0001320256 8.942323e-05 6.273239e-05 4.53125e-05 3.354832e-05
10961.6 0.97031 0.935683 0.703933 0.0909407 0.02864199 0.01268602 0.006639905 0.003856448 0.002408487 0.001092084 0.0005686859 0.0003258027 0.0002002495 0.0001299271 8.800752e-05 6.174224e-05 4.459897e-05 3.302102e-05
10985.2 0.970186 0.935362 0.695419 0.08835897 0.02802024 0.01243996 0.006518812 0.003788758 0.002367284 0.001073982 0.0005594292 0.0003205597 0.0001970517 0.0001278635 8.661526e-05 6.076842e-05 4.389717e-05 3.250237e-05
11008.8 0.97006 0.935039 0.686246 0.08587416 0.02741459 0.01219935 0.006400174 0.003722367 0.002326844 0.001056201 0.0005503321 0.0003154058 0.0001939075 0.0001258342 8.524607e-05 5.981067e-05 4.320691e-05 3.199221e-05
11032.4 0.969934 0.934712 0.676334 0.08348085 0.02682438 0.01196397 0.006283905 0.003657232 0.002287141 0.00103873 0.0005413895 0.0003103378 0.0001908153 0.0001238383 8.389918e-05 5.886845e-05 4.252781e-05 3.149029e-05
11056.0 0.969807 0.934383 0.665599 0.08117522 0.0262493 0.01173377 0.006169984 0.003593344 0.002248171 0.001021567 0.0005326009 0.0003053558 0.0001877749 0.0001218755 8.257459e-05 5.794175e-05 4.185986e-05 3.099659e-05
11079.6 0.96968 0.93405 0.653947 0.0789533 0.02568894 0.01150864 0.006058369 0.003530684 0.002209925 0.00100471 0.0005239647 0.0003004588 0.0001847859 0.0001199456 8.127206e-05 5.703044e-05 4.120296e-05 3.051103e-05
11103.2 0.968872 0.932147 0.61097 0.07297817 0.02415319 0.01088764 0.005749512 0.003356969 0.002103765 0.0009578507 0.0004999393 0.0002868289 0.0001764636 0.0001145712 7.764407e-05 5.449178e-05 3.937286e-05 2.915817e-05
11126.8 0.96682 0.927345 0.487831 0.06215635 0.02124956 0.009695887 0.005152371 0.003019639 0.001897032 0.0008662906 0.0004529065 0.0002601155 0.0001601402 0.0001040238 7.05213e-05 4.950619e-05 3.577795e-05 2.650024e-05
11150.4 0.964535 0.921949 0.356421 0.05297255 0.0186493 0.008607785 0.004601804 0.002706811 0.001704591 0.0007806751 0.0004088162 0.000235034 0.0001447979 9.410309e-05 6.38182e-05 4.481247e-05 3.239243e-05 2.399652e-05
11174.0 0.961977 0.915853 0.260956 0.04513749 0.01632132 0.007615716 0.0040951 0.002417288 0.001525832 0.0007007952 0.0003675775 0.0002115385 0.000130411 8.479347e-05 5.752466e-05 4.040377e-05 2.921153e-05 2.164355e-05
11197.6 0.959101 0.908924 0.196424 0.03842269 0.01423741 0.006712284 0.003629502 0.002149806 0.001360092 0.0006264129 0.0003290836 0.0001895736 0.0001169476 7.607527e-05 5.162785e-05 3.627138e-05 2.622909e-05 1.943685e-05
11221.2 0.898543 0.783359 0.164913 0.03716249 0.01399044 0.006630697 0.003594363 0.002132011 0.00135004 0.0006224284 0.0003271749 0.000188539 0.0001163358 7.568919e-05 5.137172e-05 3.609454e-05 2.610293e-05 1.934436e-05
11244.8 0.911125 0.810762 0.238914 0.04807447 0.01741451 0.00811613 0.004359572 0.002571392 0.001622175 0.0007444817 0.0003903136 0.0002245566 0.0001384085 8.998044e-05 6.103703e-05 4.286731e-05 3.09907e-05 2.296063e-05
11268.4 0.92135 0.832991 0.336669 0.06166307 0.02139708 0.009796459 0.005212637 0.003056929 0.001921164 0.0008776476 0.0004589309 0.0002636039 0.0001622989 0.0001054308 7.147751e-05 5.017866e-05 3.626459e-05 2.686107e-05
11292.0 0.923925 0.83851 0.362882 0.06534227 0.02242334 0.01022123 0.005426171 0.003177754 0.001995282 0.000910508 0.0004758196 0.0002731992 0.0001681633 0.0001092206 7.403707e-05 5.197035e-05 3.755658e-05 2.781636e-05
11315.6 0.924656 0.840008 0.366437 0.06566272 0.02250658 0.01025484 0.005442857 0.003187128 0.002001006 0.0009130319 0.0004771128 0.0002739326 0.000168611 0.0001095097 7.423217e-05 5.210686e-05 3.765498e-05 2.788909e-05
11339.2 0.925376 0.841484 0.369978 0.06597833 0.02258836 0.01028783 0.005459234 0.003196327 0.002006622 0.0009155078 0.0004783814 0.000274652 0.0001690501 0.0001097932 7.442351e-05 5.224073e-05 3.775148e-05 2.796042e-05
11362.8 0.926085 0.842937 0.373497 0.06628846 0.02266852 0.01032014 0.005475265 0.003205329 0.002012118 0.0009179302 0.0004796224 0.0002753556 0.0001694796 0.0001100705 7.461068e-05 5.237168e-05 3.784588e-05 2.803019e-05
11386.4 0.926782 0.844369 0.376994 0.06659307 0.02274704 0.01035176 0.005490952 0.003214136 0.002017493 0.0009202994 0.000480836 0.0002760438 0.0001698996 0.0001103417 7.47937e-05 5.249973e-05 3.793817e-05 2.809841e-05
11410.0 0.927469 0.84578 0.380473 0.06689273 0.0228241 0.01038278 0.00550633 0.003222768 0.002022761 0.0009226208 0.0004820251 0.0002767179 0.0001703111 0.0001106073 7.497298e-05 5.262516e-05 3.802859e-05 2.816524e-05
11433.6 0.928146 0.84717 0.383933 0.06718738 0.02289969 0.01041318 0.005521397 0.003231224 0.002027921 0.0009248942 0.0004831895 0.0002773781 0.000170714 0.0001108674 7.514853e-05 5.274798e-05 3.811711e-05 2.823068e-05
11457.2 0.928793 0.848499 0.387093 0.06743513 0.02296233 0.01043824 0.005533789 0.003238169 0.002032154 0.0009267573 0.0004841432 0.0002779186 0.0001710438 0.0001110803 7.529217e-05 5.284846e-05 3.818954e-05 2.828421e-05
11480.8 0.929106 0.849094 0.385488 0.06697326 0.02283036 0.01038323 0.005506039 0.003222437 0.002022493 0.0009224679 0.0004819369 0.0002766645 0.0001702771 0.0001105847 7.495743e-05 5.261412e-05 3.802053e-05 2.815924e-05
11504.4 0.929416 0.849685 0.383844 0.06651491 0.02269926 0.01032854 0.005478447 0.003206792 0.002012883 0.0009182007 0.000479742 0.0002754168 0.0001695142 0.0001100916 7.462435e-05 5.238093e-05 3.785237e-05 2.803488e-05
11528.0 0.929725 0.850273 0.382164 0.06606036 0.0225691 0.01027421 0.005451029 0.003191242 0.00200333 0.0009139582 0.0004775595 0.0002741761 0.0001687557 0.0001096013 7.429312e-05 5.214903e-05 3.768512e-05 2.791122e-05
11551.6 0.930031 0.850856 0.380446 0.06560926 0.02243979 0.01022021 0.005423764 0.003175776 0.001993828 0.0009097375 0.000475388 0.0002729416 0.0001680008 0.0001091134 7.39635e-05 5.191826e-05 3.75187e-05 2.778815e-05
11575.2 0.930334 0.851435 0.378692 0.06516192 0.02231142 0.01016657 0.005396671 0.003160405 0.001984382 0.0009055413 0.0004732289 0.0002717141 0.0001672502 0.0001086281 7.363572e-05 5.168878e-05 3.735319e-05 2.766577e-05
11598.8 0.930636 0.85201 0.376903 0.06471828 0.02218395 0.01011327 0.005369747 0.003145126 0.001974992 0.000901369 0.0004710819 0.0002704933 0.0001665038 0.0001081456 7.330973e-05 5.146054e-05 3.718859e-05 2.754405e-05
11622.4 0.930935 0.852581 0.375076 0.06427799 0.02205731 0.01006029 0.005342971 0.003129928 0.001965651 0.0008972178 0.0004689456 0.0002692786 0.000165761 0.0001076654 7.298532e-05 5.12334e-05 3.702477e-05 2.742291e-05
11646.0 0.931215 0.853109 0.372939 0.06380448 0.02192131 0.01000341 0.005314225 0.003113613 0.001955622 0.0008927612 0.0004666521 0.0002679745 0.0001649635 0.0001071498 7.263703e-05 5.098955e-05 3.68489e-05 2.729285e-05
11669.6 0.931424 0.853481 0.369691 0.06319261 0.02174655 0.009930419 0.005277366 0.0030927 0.001942771 0.0008870517 0.0004637143 0.0002663042 0.0001639421 0.0001064896 7.219099e-05 5.067727e-05 3.662368e-05 2.712631e-05
11693.2 0.931631 0.853851 0.366407 0.06258879 0.02157368 0.009858152 0.005240852 0.003071977 0.001930033 0.0008813912 0.0004608012 0.0002646477 0.0001629292 0.0001058347 7.174861e-05 5.036753e-05 3.64003e-05 2.696112e-05
11716.8 0.931838 0.854219 0.363086 0.06199274 0.02140266 0.009786583 0.005204672 0.003051436 0.001917405 0.0008757779 0.000457912 0.0002630047 0.0001619244 0.0001051851 7.130975e-05 5.006027e-05 3.617868e-05 2.679724e-05
11740.4 0.932043 0.854585 0.359733 0.06140436 0.02123345 0.009715703 0.00516882 0.003031075 0.001904885 0.0008702113 0.0004550465 0.0002613751 0.0001609278 0.0001045407 7.08744e-05 4.975544e-05 3.595883e-05 2.663465e-05
11764.0 0.932247 0.854949 0.356348 0.06082356 0.02106603 0.009645507 0.005133296 0.003010894 0.001892473 0.0008646913 0.0004522045 0.0002597586 0.0001599391 0.0001039015 7.044253e-05 4.945304e-05 3.574072e-05 2.647336e-05
11787.6 0.93245 0.855311 0.352935 0.06025032 0.02090042 0.009575998 0.005098102 0.002990894 0.00188017 0.0008592182 0.0004493863 0.0002581556 0.0001589586 0.0001032675 7.001417e-05 4.91531e-05 3.552439e-05 2.631338e-05
11811.2 0.932653 0.855671 0.349495 0.05968438 0.02073655 0.009507154 0.005063226 0.002971068 0.001867972 0.0008537905 0.000446591 0.0002565654 0.0001579859 0.0001026386 6.95892e-05 4.885553e-05 3.530975e-05 2.615464e-05
11834.8 0.932844 0.856007 0.345869 0.05910602 0.02056882 0.009436634 0.005027486 0.002950747 0.001855466 0.0008482249 0.0004437243 0.0002549346 0.0001569883 0.0001019934 6.915331e-05 4.85503e-05 3.508959e-05 2.599183e-05
11858.4 0.932999 0.856263 0.341663 0.05846825 0.02038378 0.009358807 0.004988034 0.002928311 0.001841658 0.0008420786 0.0004405585 0.0002531334 0.0001558864 0.0001012809 6.867186e-05 4.821317e-05 3.484642e-05 2.581199e-05
11882.0 0.933153 0.856518 0.337444 0.05783997 0.02020099 0.009281842 0.004948994 0.002906102 0.001827985 0.0008359913 0.0004374224 0.000251349 0.0001547947 0.0001005749 6.819482e-05 4.787911e-05 3.460546e-05 2.563378e-05
11905.6 0.933307 0.856772 0.333216 0.05722094 0.02002041 0.009205715 0.004910357 0.002884113 0.001814446 0.0008299612 0.0004343153 0.0002495809 0.0001537129 9.987535e-05 6.772207e-05 4.754805e-05 3.436666e-05 2.545717e-05
11929.2 0.93346 0.857024 0.328983 0.05661097 0.01984199 0.009130415 0.004872116 0.002862342 0.001801037 0.0008239878 0.0004312369 0.0002478289 0.000152641 9.918205e-05 6.725357e-05 4.721995e-05 3.412999e-05 2.528213e-05
11952.8 0.933612 0.857275 0.324749 0.05600994 0.01966571 0.009055936 0.00483427 0.002840788 0.001787759 0.0008180707 0.000428187 0.000246093 0.0001515788 9.849504e-05 6.67893e-05 4.689481e-05 3.389544e-05 2.510866e-05
11976.4 0.933764 0.857526 0.320518 0.05541766 0.01949154 0.008982264 0.004796812 0.002819448 0.001774609 0.000812209 0.0004251652 0.000244373 0.0001505262 9.781421e-05 6.632918e-05 4.657257e-05 3.366299e-05 2.493674e-05
12000.0 0.933915 0.857774 0.316294 0.05483399 0.01931944 0.008909389 0.004759737 0.002798318 0.001761586 0.0008064024 0.0004221713 0.0002426686 0.0001494831 9.713951e-05 6.58732e-05 4.625322e-05 3.343261e-05 2.476635e-05
