# %ECSV 0.9
# ---
# datatype:
# - {name: energy, datatype: float64}
# - {name: '1', datatype: float64}
# - {name: '2', datatype: float64}
# - {name: '3', datatype: float64}
# - {name: '4', datatype: float64}
# - {name: '5', datatype: float64}
# - {name: '6', datatype: float64}
# - {name: '7', datatype: float64}
# - {name: '8', datatype: float64}
# - {name: '9', datatype: float64}
# - {name: '10', datatype: float64}
# - {name: '11', datatype: float64}
# - {name: '12', datatype: float64}
# - {name: total, datatype: float64}
# meta: !!omap
# - {author: Hans Moritz Guenther}
# - {ORIGFILE: Output4Ralf.xlsx}
# - {origin: "\n-------- Forwarded Message --------\nSubject: \tRe: Lynx mirror parameters\nDate: \tTue, 14 Aug 2018 20:41:36 -0400\n\
#     From: \tWilliam W. Zhang <William.W.Zhang@nasa.gov>\nTo: \tRalf Heilmann <ralf@space.mit.edu>\n\n\nSee attachment. I think it has\
#     \ what you wanted.\n\n\n============================================================================================================\n\
#     William W. Zhang ||  Goddard Space Flight Center || Bldg 34 Rm S266 || Greenbelt, MD 20771 || (301) 286 6230\n============================================================================================================\n"}
# schema: astropy-2.0
energy 1 2 3 4 5 6 7 8 9 10 11 12 total
0.1 365.88 775.56 1220.64 1699.63 2209.78 2724.32 3154.95 3598.84 4119.65 4580.89 4964.06 5526.69 34940.89
0.11 365.36 773.8 1216.84 1692.89 2199.11 2708.81 3134.29 3572.17 4085.53 4538.96 4914.31 5466.39 34668.46
0.12 363.91 768.95 1206.37 1674.35 2169.83 2666.35 3077.85 3499.47 3992.73 4425.19 4779.65 5303.63 33928.28
0.13 361.4 760.54 1188.27 1642.39 2119.54 2593.67 2981.56 3375.86 3835.47 4233.06 4553.0 5030.62 32675.38
0.14 358.32 750.27 1166.28 1603.74 2058.98 2506.56 2866.67 3229.05 3649.57 4006.97 4287.51 4712.32 31196.24
0.15 354.89 738.92 1142.1 1561.48 1993.14 2412.36 2743.1 3072.02 3451.81 3767.79 4008.18 4379.3 29625.09
0.16 351.82 728.79 1120.64 1524.17 1935.34 2330.12 2635.82 2936.42 3282.0 3563.53 3770.96 4098.07 28277.68
0.17 349.35 720.67 1103.52 1494.55 1889.64 2265.41 2551.8 2830.74 3150.28 3405.87 3588.72 3883.06 27233.61
0.18 347.21 713.67 1088.81 1469.2 1850.7 2210.48 2480.75 2741.7 3039.74 3274.05 3436.93 3704.67 26357.91
0.19 345.09 706.77 1074.37 1444.39 1812.74 2157.14 2412.02 2655.9 2933.63 3148.01 3292.36 3535.44 25517.86
0.2 343.55 701.76 1063.91 1426.49 1785.44 2118.89 2362.89 2594.77 2858.27 3058.78 3190.35 3416.42 24921.52
0.21 342.28 697.66 1055.37 1411.92 1763.26 2087.9 2323.16 2545.46 2797.63 2987.15 3108.65 3321.33 24441.77
0.22 341.42 694.87 1049.58 1402.03 1748.24 2066.95 2296.37 2512.25 2756.86 2939.08 3053.9 3257.71 24119.26
0.23 340.8 692.87 1045.42 1394.96 1737.5 2051.98 2277.23 2488.55 2727.77 2904.78 3014.86 3212.34 23889.06
0.24 340.34 691.39 1042.35 1389.73 1729.57 2040.94 2263.11 2471.07 2706.33 2879.51 2986.09 3178.93 23719.36
0.25 340.4 691.58 1042.73 1390.38 1730.53 2042.24 2264.75 2473.04 2708.67 2882.17 2989.0 3182.15 23737.64
0.26 340.24 691.06 1041.65 1388.53 1727.71 2038.28 2259.64 2466.65 2700.75 2872.73 2978.11 3169.32 23674.67
0.27 339.93 690.07 1039.61 1385.04 1722.4 2030.87 2250.13 2454.83 2686.18 2855.48 2958.37 3146.25 23559.16
0.28 339.61 689.02 1037.41 1381.3 1716.73 2022.95 2239.98 2442.22 2670.66 2837.1 2937.36 3121.71 23436.05
0.29 339.29 687.99 1035.29 1377.68 1711.23 2015.27 2230.15 2430.01 2655.62 2819.31 2917.01 3097.95 23316.8
0.3 338.94 686.87 1032.97 1373.74 1705.25 2006.92 2219.46 2416.74 2639.3 2800.0 2894.94 3072.19 23187.32
0.31 338.51 685.49 1030.11 1368.88 1697.88 1996.65 2206.33 2400.48 2619.32 2776.41 2868.04 3040.88 23028.98
0.32 337.98 683.77 1026.54 1362.81 1688.69 1983.88 2190.04 2380.33 2594.63 2747.34 2834.98 3002.48 22833.47
0.33 337.51 682.27 1023.44 1357.56 1680.75 1972.84 2175.96 2362.94 2573.33 2722.27 2806.47 2969.39 22664.73
0.34 337.12 681.0 1020.82 1353.12 1674.03 1963.5 2164.05 2348.21 2555.29 2701.03 2782.31 2941.34 22521.82
0.35 336.79 679.95 1018.65 1349.43 1668.45 1955.75 2154.16 2335.98 2540.28 2683.35 2762.18 2917.93 22402.9
0.36 336.59 679.29 1017.29 1347.12 1664.95 1950.86 2147.91 2328.22 2530.73 2672.04 2749.23 2902.79 22327.02
0.37 336.44 678.83 1016.33 1345.48 1662.45 1947.37 2143.4 2322.59 2523.75 2663.71 2739.62 2891.46 22271.43
0.38 336.24 678.16 1014.95 1343.15 1658.91 1942.42 2137.07 2314.71 2514.03 2652.18 2726.4 2875.97 22194.19
0.39 336.03 677.49 1013.56 1340.78 1655.31 1937.41 2130.64 2306.73 2504.19 2640.52 2713.02 2860.3 22115.98
0.4 335.83 676.85 1012.24 1338.54 1651.92 1932.67 2124.57 2299.18 2494.87 2629.46 2700.34 2845.44 22041.91
0.41 335.66 676.32 1011.13 1336.65 1649.05 1928.66 2119.42 2292.76 2486.93 2620.01 2689.47 2832.66 21978.72
0.42 335.56 675.99 1010.45 1335.49 1647.27 1926.15 2116.17 2288.66 2481.82 2613.86 2682.31 2824.14 21937.87
0.43 335.59 676.1 1010.67 1335.83 1647.75 1926.76 2116.85 2289.38 2482.53 2614.47 2682.73 2824.28 21942.94
0.44 335.57 676.02 1010.5 1335.53 1647.26 1926.02 2115.82 2287.99 2480.65 2612.05 2679.71 2820.44 21927.56
0.45 335.49 675.75 1009.93 1334.54 1645.72 1923.84 2112.97 2284.36 2476.06 2606.45 2673.12 2812.5 21890.73
0.46 335.38 675.4 1009.2 1333.3 1643.83 1921.15 2109.47 2279.94 2470.51 2599.75 2665.28 2803.11 21846.32
0.47 335.26 675.02 1008.41 1331.94 1641.75 1918.21 2105.66 2275.13 2464.49 2592.49 2656.8 2793.0 21798.16
0.48 335.14 674.61 1007.57 1330.5 1639.54 1915.11 2101.63 2270.06 2458.14 2584.85 2647.9 2782.39 21747.44
0.49 335.01 674.21 1006.72 1329.06 1637.33 1911.99 2097.59 2264.97 2451.78 2577.18 2638.97 2771.74 21696.55
0.5 334.89 673.81 1005.9 1327.64 1635.17 1908.94 2093.64 2259.99 2445.54 2569.65 2630.19 2761.28 21646.64
0.51 334.77 673.43 1005.12 1326.3 1633.12 1906.04 2089.87 2255.23 2439.57 2562.45 2621.78 2751.23 21598.91
0.52 334.66 673.09 1004.41 1325.09 1631.25 1903.4 2086.43 2250.88 2434.09 2555.81 2613.99 2741.89 21554.99
0.53 334.58 672.81 1003.81 1324.06 1629.67 1901.15 2083.48 2247.12 2429.33 2550.01 2607.15 2733.63 21516.8
0.54 334.51 672.6 1003.38 1323.3 1628.48 1899.45 2081.23 2244.21 2425.61 2545.42 2601.66 2726.92 21486.77
0.55 334.51 672.58 1003.33 1323.2 1628.29 1899.11 2080.69 2243.41 2424.44 2543.79 2599.5 2724.03 21476.88
0.56 334.62 672.93 1004.02 1324.35 1629.97 1901.35 2083.42 2246.6 2428.09 2547.77 2603.64 2728.34 21505.1
0.57 334.84 673.64 1005.49 1326.78 1633.57 1906.23 2089.47 2253.83 2436.61 2557.36 2614.01 2739.7 21571.53
0.58 334.96 674.02 1006.26 1328.05 1635.42 1908.7 2092.45 2257.3 2440.55 2561.61 2618.37 2744.16 21601.85
0.59 335.04 674.25 1006.72 1328.8 1636.49 1910.07 2094.06 2259.08 2442.44 2563.47 2620.03 2745.5 21615.95
0.6 335.08 674.39 1006.98 1329.22 1637.07 1910.78 2094.82 2259.82 2443.07 2563.85 2620.01 2744.91 21620.0
0.61 335.1 674.46 1007.12 1329.42 1637.31 1911.01 2094.97 2259.8 2442.78 2563.15 2618.78 2742.91 21616.81
0.62 335.11 674.48 1007.15 1329.43 1637.27 1910.87 2094.65 2259.21 2441.78 2561.62 2616.6 2739.83 21608.0
0.63 335.11 674.46 1007.09 1329.31 1637.03 1910.44 2093.96 2258.16 2440.22 2559.43 2613.67 2735.87 21594.75
0.64 335.09 674.41 1006.97 1329.07 1636.62 1909.77 2092.97 2256.74 2438.21 2556.71 2610.13 2731.19 21577.88
0.65 335.07 674.33 1006.79 1328.75 1636.06 1908.91 2091.73 2255.01 2435.81 2553.53 2606.08 2725.93 21558.0
0.66 335.04 674.23 1006.57 1328.34 1635.4 1907.88 2090.29 2253.02 2433.11 2549.99 2601.61 2720.16 21535.64
0.67 335.0 674.11 1006.32 1327.88 1634.64 1906.73 2088.68 2250.83 2430.15 2546.14 2596.78 2713.98 21511.24
0.68 334.96 673.98 1006.03 1327.36 1633.79 1905.46 2086.92 2248.45 2426.95 2542.01 2591.64 2707.42 21484.97
0.69 334.92 673.83 1005.71 1326.79 1632.87 1904.08 2085.01 2245.9 2423.53 2537.62 2586.18 2700.5 21456.94
0.7 334.87 673.68 1005.37 1326.18 1631.89 1902.63 2083.01 2243.22 2419.97 2533.05 2580.52 2693.33 21427.72
0.71 334.82 673.51 1005.02 1325.55 1630.88 1901.12 2080.94 2240.45 2416.29 2528.34 2574.69 2685.95 21397.56
0.72 334.77 673.34 1004.65 1324.9 1629.84 1899.57 2078.82 2237.62 2412.52 2523.52 2568.73 2678.42 21366.7
0.73 334.72 673.17 1004.28 1324.24 1628.78 1898.0 2076.67 2234.74 2408.7 2518.63 2562.68 2670.78 21335.39
0.74 334.66 672.99 1003.91 1323.58 1627.71 1896.42 2074.49 2231.84 2404.84 2513.7 2556.58 2663.05 21303.77
0.75 334.61 672.82 1003.54 1322.91 1626.65 1894.83 2072.32 2228.94 2400.98 2508.75 2550.45 2655.29 21272.09
0.76 334.56 672.65 1003.17 1322.25 1625.58 1893.25 2070.14 2226.02 2397.09 2503.76 2544.27 2647.46 21240.2
0.77 334.51 672.48 1002.8 1321.6 1624.53 1891.68 2067.98 2223.12 2393.22 2498.79 2538.1 2639.63 21208.44
0.78 334.46 672.32 1002.45 1320.97 1623.52 1890.16 2065.88 2220.3 2389.44 2493.93 2532.04 2631.91 21177.38
0.79 334.41 672.16 1002.12 1320.38 1622.55 1888.71 2063.87 2217.58 2385.79 2489.19 2526.11 2624.34 21147.21
0.8 334.37 672.02 1001.82 1319.83 1621.66 1887.35 2061.97 2214.99 2382.28 2484.63 2520.38 2616.97 21118.27
0.81 334.33 671.9 1001.55 1319.33 1620.84 1886.1 2060.21 2212.57 2378.98 2480.3 2514.9 2609.88 21090.89
0.82 334.3 671.8 1001.33 1318.92 1620.15 1885.02 2058.67 2210.42 2376.0 2476.33 2509.82 2603.25 21066.01
0.83 334.29 671.73 1001.17 1318.62 1619.63 1884.18 2057.41 2208.62 2373.44 2472.85 2505.28 2597.23 21044.45
0.84 334.28 671.7 1001.09 1318.45 1619.29 1883.59 2056.49 2207.22 2371.36 2469.93 2501.36 2591.9 21026.66
0.85 334.28 671.72 1001.11 1318.43 1619.2 1883.34 2055.97 2206.32 2369.9 2467.73 2498.24 2587.49 21013.73
0.86 334.44 672.22 1002.11 1320.09 1621.62 1886.57 2059.89 2210.87 2375.06 2473.27 2503.87 2593.13 21053.14
0.87 334.92 673.74 1005.22 1325.29 1629.36 1897.11 2073.03 2226.69 2393.82 2494.54 2527.01 2618.62 21199.35
0.88 335.66 676.11 1010.09 1333.48 1641.59 1913.85 2094.01 2252.07 2424.13 2529.18 2565.06 2660.99 21436.22
0.89 335.44 675.4 1008.6 1330.9 1637.61 1908.19 2086.57 2242.58 2412.09 2514.45 2547.62 2639.84 21339.29
0.9 335.34 675.06 1007.88 1329.63 1635.6 1905.25 2082.62 2237.38 2405.29 2505.86 2537.12 2626.69 21283.72
0.91 335.3 674.95 1007.62 1329.16 1634.79 1903.98 2080.77 2234.78 2401.65 2500.98 2530.8 2618.36 21253.14
0.92 335.29 674.91 1007.53 1328.95 1634.39 1903.26 2079.64 2233.05 2399.07 2497.32 2525.86 2611.59 21230.86
0.93 335.31 674.95 1007.58 1328.99 1634.37 1903.08 2079.17 2232.14 2397.47 2494.8 2522.17 2606.23 21216.26
0.94 335.33 675.02 1007.71 1329.16 1634.52 1903.13 2079.0 2231.58 2396.29 2492.75 2519.01 2601.44 21204.94
0.95 335.36 675.08 1007.82 1329.3 1634.64 1903.14 2078.76 2230.93 2395.0 2490.56 2515.65 2596.41 21192.65
0.96 335.38 675.14 1007.92 1329.43 1634.73 1903.11 2078.48 2230.22 2393.62 2488.25 2512.15 2591.19 21179.62
0.97 335.4 675.21 1008.04 1329.57 1634.85 1903.11 2078.23 2229.55 2392.27 2485.97 2508.66 2585.94 21166.8
0.98 335.42 675.26 1008.12 1329.65 1634.88 1902.97 2077.8 2228.66 2390.65 2483.36 2504.78 2580.22 21151.77
0.99 335.44 675.31 1008.2 1329.73 1634.9 1902.84 2077.37 2227.75 2389.01 2480.7 2500.83 2574.4 21136.48
1.0 335.46 675.37 1008.29 1329.85 1634.97 1902.76 2077.01 2226.93 2387.45 2478.13 2496.96 2568.64 21121.82
1.01 335.47 675.42 1008.38 1329.93 1635.0 1902.63 2076.58 2226.01 2385.78 2475.41 2492.89 2562.63 21106.13
1.02 335.5 675.5 1008.52 1330.13 1635.19 1902.71 2076.42 2225.41 2384.48 2473.11 2489.28 2557.11 21093.36
1.03 335.54 675.62 1008.74 1330.44 1635.55 1903.04 2076.56 2225.18 2383.6 2471.29 2486.19 2552.13 21083.88
1.04 335.57 675.71 1008.9 1330.65 1635.76 1903.14 2076.41 2224.58 2382.28 2468.92 2482.45 2546.38 21070.75
1.05 335.6 675.8 1009.06 1330.86 1635.98 1903.25 2076.26 2223.99 2380.94 2466.52 2478.64 2540.52 21057.42
1.06 335.62 675.86 1009.16 1330.99 1636.05 1903.16 2075.86 2223.07 2379.19 2463.63 2474.26 2533.95 21040.8
1.07 335.65 675.92 1009.27 1331.1 1636.11 1903.06 2075.43 2222.1 2377.39 2460.64 2469.75 2527.21 21023.63
1.08 335.66 675.97 1009.34 1331.17 1636.1 1902.84 2074.86 2220.96 2375.34 2457.37 2464.89 2520.03 21004.53
1.09 335.68 676.0 1009.38 1331.18 1636.0 1902.51 2074.13 2219.61 2373.04 2453.77 2459.63 2512.35 20983.28
1.1 335.69 676.04 1009.43 1331.2 1635.92 1902.19 2073.42 2218.27 2370.74 2450.16 2454.34 2504.6 20962.0
1.11 335.69 676.05 1009.42 1331.12 1635.68 1901.65 2072.42 2216.58 2368.0 2446.01 2448.42 2496.08 20937.12
1.12 335.7 676.06 1009.43 1331.07 1635.48 1901.17 2071.5 2214.97 2365.34 2441.94 2442.55 2487.59 20912.8
1.13 335.7 676.05 1009.38 1330.94 1635.16 1900.51 2070.33 2213.05 2362.3 2437.4 2436.13 2478.42 20885.37
1.14 335.7 676.05 1009.35 1330.81 1634.84 1899.86 2069.18 2211.14 2359.25 2432.84 2429.65 2469.14 20857.81
1.15 335.7 676.03 1009.28 1330.64 1634.45 1899.11 2067.89 2209.05 2355.97 2427.98 2422.82 2459.41 20828.33
1.16 335.7 676.01 1009.21 1330.44 1634.04 1898.31 2066.54 2206.88 2352.58 2422.97 2415.78 2449.4 20797.86
1.17 335.69 675.98 1009.12 1330.23 1633.59 1897.47 2065.12 2204.63 2349.06 2417.8 2408.53 2439.1 20766.32
1.18 335.68 675.94 1009.01 1329.98 1633.08 1896.53 2063.58 2202.21 2345.34 2412.37 2400.94 2428.37 20733.03
1.19 335.67 675.9 1008.9 1329.73 1632.57 1895.59 2062.03 2199.77 2341.57 2406.86 2393.24 2417.46 20699.29
1.2 335.66 675.85 1008.76 1329.43 1631.98 1894.54 2060.33 2197.12 2337.54 2401.02 2385.14 2406.04 20663.41
1.21 335.65 675.8 1008.63 1329.14 1631.4 1893.51 2058.65 2194.51 2333.54 2395.17 2377.0 2394.53 20627.53
1.22 335.63 675.74 1008.47 1328.79 1630.74 1892.35 2056.81 2191.67 2329.24 2388.98 2368.43 2382.46 20589.31
1.23 335.62 675.68 1008.32 1328.47 1630.12 1891.24 2055.02 2188.9 2325.01 2382.83 2359.88 2370.36 20551.45
1.24 335.6 675.62 1008.16 1328.12 1629.45 1890.06 2053.14 2186.0 2320.6 2376.45 2351.01 2357.84 20512.05
1.25 335.58 675.56 1008.02 1327.81 1628.83 1888.96 2051.34 2183.2 2316.3 2370.16 2342.22 2345.35 20473.33
1.26 335.57 675.5 1007.85 1327.46 1628.16 1887.77 2049.43 2180.24 2311.79 2363.6 2333.08 2332.38 20432.83
1.27 335.56 675.45 1007.71 1327.15 1627.54 1886.65 2047.6 2177.37 2307.37 2357.12 2323.99 2319.42 20392.93
1.28 335.54 675.38 1007.55 1326.78 1626.84 1885.42 2045.62 2174.31 2302.69 2350.3 2314.46 2305.87 20350.76
1.29 335.52 675.32 1007.4 1326.45 1626.19 1884.25 2043.72 2171.32 2298.08 2343.53 2304.94 2292.26 20308.98
1.3 335.5 675.24 1007.2 1326.04 1625.41 1882.89 2041.56 2168.01 2293.05 2336.25 2294.79 2277.87 20263.81
1.31 335.48 675.17 1007.01 1325.63 1624.64 1881.54 2039.41 2164.7 2288.01 2328.91 2284.54 2263.27 20218.31
1.32 335.46 675.07 1006.77 1325.16 1623.76 1880.05 2037.06 2161.13 2282.63 2321.14 2273.74 2247.98 20169.95
1.33 335.43 674.98 1006.54 1324.68 1622.87 1878.53 2034.68 2157.5 2277.15 2313.23 2262.74 2232.37 20120.7
1.34 335.4 674.87 1006.28 1324.15 1621.92 1876.91 2032.16 2153.69 2271.43 2304.99 2251.32 2216.19 20069.31
1.35 335.37 674.75 1006.0 1323.6 1620.91 1875.22 2029.54 2149.75 2265.53 2296.51 2239.56 2199.55 20016.29
1.36 335.33 674.63 1005.71 1323.03 1619.88 1873.48 2026.86 2145.71 2259.48 2287.81 2227.51 2182.49 19961.92
1.37 335.29 674.49 1005.4 1322.4 1618.76 1871.62 2024.01 2141.45 2253.14 2278.74 2214.98 2164.78 19905.06
1.38 335.26 674.36 1005.08 1321.79 1617.66 1869.78 2021.17 2137.19 2246.78 2269.6 2202.31 2146.82 19847.8
1.39 335.21 674.2 1004.72 1321.09 1616.41 1867.74 2018.07 2132.59 2239.97 2259.9 2188.94 2127.97 19786.81
1.4 335.17 674.06 1004.39 1320.42 1615.23 1865.78 2015.06 2128.09 2233.27 2250.28 2175.6 2109.04 19726.39
1.41 335.12 673.88 1003.98 1319.64 1613.87 1863.55 2011.71 2123.15 2225.98 2239.94 2161.38 2089.01 19661.21
1.42 335.07 673.71 1003.59 1318.9 1612.55 1861.4 2008.43 2118.28 2218.77 2229.63 2147.13 2068.83 19596.29
1.43 335.01 673.53 1003.17 1318.08 1611.12 1859.07 2004.93 2113.12 2211.17 2218.82 2132.24 2047.82 19528.08
1.44 334.96 673.34 1002.73 1317.25 1609.68 1856.72 2001.38 2107.89 2203.45 2207.83 2117.07 2026.37 19458.67
1.45 334.9 673.14 1002.29 1316.39 1608.19 1854.31 1997.75 2102.53 2195.55 2196.57 2101.52 2004.36 19387.5
1.46 334.84 672.93 1001.81 1315.49 1606.62 1851.76 1993.94 2096.94 2187.32 2184.88 2085.4 1981.59 19313.52
1.47 334.78 672.73 1001.35 1314.61 1605.08 1849.27 1990.18 2091.38 2179.11 2173.15 2069.17 1958.55 19239.36
1.48 334.71 672.49 1000.83 1313.61 1603.38 1846.53 1986.09 2085.4 2170.35 2160.72 2052.05 1934.37 19160.53
1.49 334.65 672.27 1000.32 1312.66 1601.72 1843.85 1982.07 2079.49 2161.63 2148.29 2034.84 1909.95 19081.74
1.5 334.58 672.04 999.79 1311.65 1599.98 1841.05 1977.89 2073.35 2152.59 2135.4 2017.01 1884.68 19000.01
1.51 334.51 671.8 999.26 1310.64 1598.23 1838.23 1973.66 2067.13 2143.42 2122.3 1998.85 1858.87 18916.9
1.52 334.44 671.56 998.71 1309.6 1596.45 1835.35 1969.34 2060.78 2134.04 2108.9 1980.24 1832.4 18831.81
1.53 334.36 671.28 998.1 1308.45 1594.48 1832.21 1964.68 2053.97 2124.07 2094.72 1960.66 1804.66 18741.64
1.54 334.28 671.02 997.51 1307.34 1592.56 1829.12 1960.07 2047.22 2114.12 2080.51 1940.92 1776.58 18651.25
1.55 334.19 670.72 996.84 1306.08 1590.43 1825.73 1955.05 2039.92 2103.45 2065.38 1920.03 1747.05 18554.87
1.56 334.1 670.42 996.16 1304.81 1588.28 1822.31 1949.99 2032.54 2092.64 2050.0 1898.75 1716.9 18456.9
1.57 334.01 670.1 995.46 1303.51 1586.06 1818.79 1944.78 2024.96 2081.54 2034.2 1876.87 1685.91 18356.19
1.58 333.91 669.76 994.71 1302.1 1583.68 1815.03 1939.24 2016.94 2069.84 2017.62 1853.98 1653.61 18250.42
1.59 333.81 669.43 993.96 1300.72 1581.34 1811.31 1933.75 2008.95 2058.13 2000.94 1830.85 1620.86 18144.05
1.6 333.7 669.05 993.13 1299.18 1578.75 1807.24 1927.79 2000.34 2045.61 1983.21 1806.41 1586.46 18030.87
1.61 333.59 668.67 992.29 1297.63 1576.13 1803.11 1921.74 1991.59 2032.85 1965.12 1781.42 1551.28 17915.42
1.62 333.47 668.28 991.43 1296.04 1573.46 1798.91 1915.56 1982.65 2019.82 1946.61 1755.8 1515.25 17797.28
1.63 333.34 667.85 990.48 1294.29 1570.53 1794.33 1908.89 1973.06 2005.92 1926.96 1728.77 1477.46 17671.88
1.64 333.21 667.42 989.54 1292.56 1567.63 1789.78 1902.24 1963.46 1991.94 1907.14 1701.38 1439.15 17545.45
1.65 333.07 666.95 988.52 1290.68 1564.51 1784.91 1895.15 1953.29 1977.2 1886.29 1672.68 1399.25 17412.5
1.66 332.93 666.46 987.45 1288.73 1561.25 1779.84 1887.79 1942.73 1961.9 1864.69 1642.98 1358.13 17274.88
1.67 332.78 665.98 986.4 1286.79 1558.02 1774.79 1880.43 1932.15 1946.51 1842.86 1612.86 1316.47 17136.04
1.68 332.62 665.43 985.19 1284.6 1554.4 1769.18 1872.33 1920.58 1929.83 1819.39 1580.72 1272.54 16986.81
1.69 332.45 664.88 984.0 1282.41 1550.77 1763.55 1864.17 1908.92 1912.95 1795.56 1548.02 1228.0 16835.68
1.7 332.28 664.32 982.76 1280.16 1547.04 1757.77 1855.8 1896.93 1895.6 1771.03 1514.38 1182.48 16680.55
1.71 332.09 663.69 981.4 1277.69 1542.96 1751.47 1846.73 1884.03 1877.03 1744.93 1478.81 1135.0 16515.83
1.72 331.9 663.06 980.04 1275.22 1538.89 1745.18 1837.64 1871.06 1858.29 1718.49 1442.71 1087.14 16349.62
1.73 331.71 662.4 978.61 1272.62 1534.61 1738.57 1828.12 1857.48 1838.7 1690.88 1405.12 1037.96 16176.78
1.74 331.5 661.71 977.1 1269.89 1530.11 1731.64 1818.15 1843.29 1818.23 1662.07 1366.01 987.56 15997.26
1.75 331.29 661.02 975.6 1267.17 1525.62 1724.71 1808.14 1828.99 1797.53 1632.84 1326.32 937.09 15816.32
1.76 331.05 660.24 973.92 1264.13 1520.64 1717.06 1797.17 1813.42 1775.15 1601.43 1284.07 884.71 15622.99
1.77 330.81 659.42 972.16 1260.96 1515.44 1709.1 1785.77 1797.24 1751.89 1568.81 1240.41 831.83 15423.84
1.78 330.56 658.61 970.41 1257.79 1510.24 1701.11 1774.28 1780.9 1728.32 1535.68 1196.16 779.5 15223.56
1.79 330.27 657.67 968.37 1254.14 1504.29 1692.02 1761.34 1762.65 1702.23 1499.36 1148.42 725.19 15005.95
1.8 329.98 656.7 966.29 1250.4 1498.19 1682.73 1748.09 1743.94 1675.45 1462.07 1099.71 671.68 14785.23
1.81 329.68 655.73 964.2 1246.65 1492.07 1673.37 1734.72 1725.01 1648.27 1424.16 1050.53 619.67 14564.06
1.82 329.33 654.56 961.69 1242.17 1484.82 1662.39 1719.19 1703.25 1617.41 1381.73 996.8 566.01 14319.35
1.83 328.97 653.38 959.16 1237.65 1477.5 1651.3 1703.46 1681.18 1586.03 1338.57 942.8 514.74 14074.74
1.84 328.6 652.17 956.58 1233.04 1470.02 1639.95 1687.36 1658.56 1553.84 1294.36 888.36 465.9 13828.74
1.85 328.15 650.71 953.47 1227.5 1461.11 1626.55 1668.54 1632.38 1517.03 1244.64 829.18 416.63 13555.89
1.86 327.7 649.23 950.31 1221.9 1452.1 1612.98 1649.43 1605.77 1479.56 1194.16 770.51 371.04 13284.69
1.87 327.23 647.7 947.06 1216.12 1442.78 1598.95 1629.7 1578.27 1440.84 1142.31 712.04 328.84 13011.84
1.88 326.65 645.82 943.06 1209.07 1431.51 1582.11 1606.22 1545.9 1395.91 1083.41 648.93 287.19 12705.78
1.89 326.07 643.91 939.01 1201.9 1420.05 1564.98 1582.3 1512.9 1350.09 1023.89 587.88 250.05 12403.03
1.9 325.46 641.92 934.8 1194.48 1408.18 1547.25 1557.55 1478.75 1302.77 963.19 528.76 216.91 12100.02
1.91 324.67 639.38 929.44 1185.07 1393.24 1525.12 1526.98 1437.11 1246.08 892.82 465.37 184.5 11749.78
1.92 323.87 636.78 923.95 1175.45 1377.97 1502.49 1495.71 1394.51 1188.28 822.61 406.58 156.73 11404.93
1.93 323.05 634.12 918.34 1165.6 1362.34 1479.34 1463.72 1350.94 1129.44 753.01 352.79 133.06 11065.75
1.94 321.9 630.41 910.57 1152.06 1341.03 1448.09 1421.08 1293.86 1054.38 669.22 294.91 109.45 10646.96
1.95 320.7 626.57 902.52 1138.07 1319.04 1415.87 1377.17 1235.24 978.23 588.36 244.72 90.08 10236.57
1.96 319.46 622.59 894.21 1123.62 1296.35 1382.66 1331.98 1175.14 901.34 511.53 201.88 74.21 9834.97
1.97 317.58 616.57 881.71 1102.06 1262.79 1334.12 1266.92 1090.55 797.81 418.41 156.41 57.97 9302.9
1.98 315.51 609.95 867.98 1078.45 1226.18 1281.39 1196.67 1000.39 691.86 333.49 119.64 45.02 8766.53
1.99 313.3 602.93 853.49 1053.62 1187.8 1226.34 1123.8 908.3 589.1 261.16 91.3 35.02 8246.16
2.0 309.03 589.46 825.9 1006.82 1116.45 1125.78 994.13 752.12 433.84 171.43 59.45 23.67 7408.08
2.01 303.31 571.58 789.62 945.92 1024.72 998.71 834.91 572.68 283.78 102.13 36.18 15.05 6478.59
2.02 296.74 551.25 748.83 878.29 924.43 862.87 671.66 406.9 173.4 59.77 22.0 9.54 5605.68
2.03 248.48 410.08 483.02 470.43 380.13 237.86 105.76 37.41 13.41 5.34 2.37 1.19 2395.48
2.04 60.7 41.63 19.92 8.22 3.26 1.33 0.56 0.26 0.13 0.07 0.04 0.02 136.14
2.05 179.38 245.04 240.96 201.26 149.27 99.5 59.57 33.73 18.76 10.25 5.62 3.25 1246.59
2.06 230.38 367.26 425.52 423.24 377.16 302.13 213.53 137.21 81.62 44.88 23.75 13.0 2639.68
2.07 233.48 375.25 438.52 440.17 396.01 320.33 228.41 147.75 88.11 48.33 25.43 13.82 2755.61
2.08 236.54 383.21 451.61 457.38 415.42 339.31 244.15 159.05 95.12 52.08 27.25 14.71 2875.83
2.09 239.56 391.12 464.75 474.84 435.34 359.06 260.78 171.15 102.71 56.14 29.21 15.67 3000.33
2.1 215.87 330.16 365.25 344.56 288.61 215.18 140.51 83.39 46.43 24.52 12.78 7.0 2074.26
2.11 183.98 254.73 253.21 212.76 157.54 103.75 60.68 33.26 17.85 9.44 5.04 2.86 1295.1
2.12 195.22 282.17 296.4 267.98 218.67 163.01 110.29 70.65 43.94 26.25 15.35 9.28 1699.21
2.13 226.68 358.8 414.38 413.55 373.71 308.49 229.59 159.56 105.15 64.61 37.8 22.42 2714.74
2.14 232.71 374.26 439.51 446.43 410.94 345.72 262.11 185.24 123.64 76.46 44.73 26.39 2968.14
2.15 238.58 389.58 464.88 480.27 450.11 385.87 298.12 214.47 145.23 90.56 53.05 31.15 3241.87
2.16 244.1 404.2 489.49 513.69 489.6 427.27 336.19 246.19 169.25 106.57 62.59 36.62 3525.76
2.17 246.59 410.84 500.71 528.99 507.72 446.26 353.57 260.53 179.92 113.45 66.51 38.74 3653.83
2.18 249.05 417.45 511.98 544.48 526.21 465.83 371.68 275.64 191.25 120.82 70.72 41.01 3786.12
2.19 251.49 424.03 523.28 560.13 545.06 485.96 390.5 291.51 203.28 128.7 75.22 43.44 3922.6
2.2 253.44 429.33 532.4 572.8 560.35 502.31 405.77 304.34 212.92 134.9 78.66 45.22 4032.44
2.21 255.03 433.64 539.84 583.15 572.85 515.66 418.19 314.67 220.55 139.65 81.19 46.45 4120.87
2.22 256.61 437.96 547.33 593.61 585.54 529.28 430.94 325.35 228.47 144.61 83.82 47.72 4211.24
2.23 258.18 442.25 554.8 604.11 598.36 543.12 443.97 336.33 236.66 149.74 86.53 49.02 4303.07
2.24 259.32 445.39 560.26 611.74 607.6 552.98 453.07 343.76 241.91 152.76 87.91 49.55 4366.25
2.25 260.47 448.54 565.75 619.45 616.97 563.02 462.38 351.38 247.32 155.87 89.33 50.08 4430.56
2.26 261.62 451.7 571.27 627.22 626.46 573.24 471.9 359.22 252.9 159.07 90.79 50.63 4496.02
2.27 262.65 454.55 576.27 634.26 635.04 582.44 480.41 366.14 257.7 161.69 91.87 50.95 4553.97
2.28 263.52 456.96 580.49 640.18 642.21 590.05 487.34 371.58 261.25 163.4 92.38 50.95 4600.31
2.29 264.4 459.39 584.74 646.16 649.48 597.79 494.4 377.16 264.9 165.16 92.9 50.95 4647.43
2.3 265.28 461.83 589.02 652.21 656.85 605.67 501.61 382.87 268.63 166.95 93.43 50.95 4695.3
2.31 266.01 463.86 592.57 657.2 662.88 612.0 507.25 387.11 271.12 167.83 93.4 50.64 4731.87
2.32 266.7 465.75 595.9 661.85 668.48 617.87 512.4 390.89 273.2 168.41 93.18 50.23 4764.86
2.33 267.39 467.67 599.25 666.57 674.17 623.83 517.67 394.76 275.33 169.0 92.96 49.81 4798.41
2.34 268.07 469.58 602.62 671.31 679.92 629.86 523.0 398.68 277.48 169.59 92.73 49.4 4832.24
2.35 268.61 471.06 605.21 674.91 684.16 634.15 526.54 400.91 278.2 169.15 91.9 48.67 4853.47
2.36 269.15 472.56 607.82 678.55 688.48 638.53 530.15 403.2 278.95 168.71 91.07 47.94 4875.11
2.37 269.69 474.07 610.47 682.24 692.87 642.99 533.85 405.54 279.71 168.28 90.24 47.22 4897.17
2.38 270.21 475.5 612.97 685.72 696.99 647.13 537.21 407.55 280.18 167.63 89.29 46.45 4916.83
2.39 270.62 476.64 614.92 688.39 700.04 650.03 539.28 408.33 279.6 166.25 87.93 45.48 4927.51
2.4 271.03 477.78 616.91 691.1 703.16 653.0 541.4 409.15 279.03 164.87 86.58 44.52 4938.53
2.41 271.45 478.94 618.92 693.87 706.34 656.03 543.59 410.0 278.48 163.49 85.24 43.58 4949.93
2.42 271.82 479.95 620.66 696.21 708.97 658.42 545.08 410.19 277.35 161.73 83.71 42.55 4956.64
2.43 272.1 480.71 621.93 697.87 710.71 659.74 545.46 409.31 275.34 159.38 81.86 41.38 4955.79
2.44 272.38 481.48 623.24 699.58 712.49 661.11 545.88 408.46 273.32 157.03 80.04 40.23 4955.24
2.45 272.67 482.27 624.57 701.32 714.33 662.54 546.34 407.62 271.31 154.7 78.25 39.12 4955.04
2.46 272.86 482.79 625.41 702.33 715.18 662.79 545.56 405.6 268.33 151.74 76.15 37.87 4946.61
2.47 272.96 483.02 625.71 702.52 714.96 661.76 543.43 402.31 264.31 148.13 73.73 36.48 4929.32
2.48 273.06 483.26 626.04 702.75 714.78 660.77 541.33 399.02 260.31 144.57 71.38 35.14 4912.41
2.49 273.16 483.52 626.39 703.01 714.64 659.82 539.25 395.75 256.33 141.06 69.09 33.85 4895.87
2.5 272.98 482.95 625.21 700.96 711.42 655.2 533.34 388.89 249.49 135.79 65.93 32.17 4854.33
2.51 272.52 481.57 622.54 696.65 705.21 647.04 523.73 378.65 240.04 128.98 62.06 30.16 4789.15
2.52 272.05 480.19 619.86 692.35 699.01 638.87 514.15 368.48 230.78 122.42 58.39 28.28 4724.83
2.53 271.59 478.81 617.18 688.04 692.79 630.71 504.59 358.4 221.7 116.11 54.91 26.52 4661.35
2.54 266.86 465.21 592.09 650.25 642.76 571.45 443.25 302.45 178.82 90.45 42.25 20.49 4266.33
2.55 256.42 435.79 538.95 572.28 542.81 458.04 332.59 209.58 114.68 55.43 25.75 12.7 3555.02
2.56 254.26 430.33 530.79 563.66 537.4 460.02 344.1 228.6 134.87 70.36 34.51 17.53 3606.43
2.57 261.49 450.41 566.39 614.75 601.2 530.33 410.81 283.64 173.23 92.05 45.11 22.63 4052.04
2.58 266.11 463.43 589.78 648.84 644.53 579.13 458.39 324.26 202.58 109.04 53.4 26.56 4366.05
2.59 267.11 466.21 594.72 655.88 653.18 588.37 466.72 330.53 206.28 110.59 53.86 26.65 4420.1
2.6 268.1 468.99 599.66 662.95 661.9 597.74 475.19 336.93 210.05 112.16 54.32 26.75 4474.74
2.61 269.09 471.77 604.62 670.06 670.7 607.22 483.79 343.46 213.9 113.76 54.79 26.84 4530.0
2.62 269.99 474.31 609.17 676.58 678.75 615.85 491.56 349.22 217.16 114.98 55.06 26.84 4579.47
2.63 270.59 475.98 612.12 680.73 683.7 620.87 495.65 351.67 217.85 114.64 54.55 26.48 4604.83
2.64 271.19 477.67 615.09 684.91 688.71 625.97 499.8 354.15 218.55 114.29 54.05 26.12 4630.5
2.65 271.79 479.36 618.08 689.13 693.78 631.14 504.02 356.68 219.26 113.95 53.55 25.77 4656.51
2.66 272.4 481.06 621.09 693.4 698.91 636.38 508.31 359.25 219.97 113.59 53.05 25.42 4682.83
2.67 272.85 482.31 623.29 696.44 702.44 639.74 510.67 360.06 219.35 112.46 52.19 24.91 4696.71
2.68 273.3 483.57 625.49 699.49 705.97 643.11 513.02 360.85 218.69 111.31 51.33 24.41 4710.54
2.69 273.75 484.83 627.71 702.57 709.55 646.53 515.42 361.65 218.02 110.16 50.48 23.91 4724.58
2.7 274.21 486.11 629.96 705.69 713.19 650.01 517.85 362.47 217.36 109.02 49.64 23.43 4738.94
2.71 274.6 487.19 631.84 708.27 716.11 652.65 519.42 362.49 216.08 107.54 48.66 22.89 4747.74
2.72 274.95 488.18 633.56 710.61 718.71 654.89 520.57 362.12 214.51 105.91 47.62 22.33 4753.96
2.73 275.31 489.19 635.31 712.98 721.35 657.18 521.76 361.75 212.94 104.29 46.61 21.78 4760.45
2.74 275.68 490.2 637.07 715.38 724.04 659.52 522.97 361.39 211.36 102.68 45.61 21.25 4767.15
2.75 276.02 491.15 638.72 717.61 726.49 661.58 523.88 360.74 209.56 100.97 44.58 20.71 4772.01
2.76 276.3 491.93 640.06 719.36 728.31 662.87 523.99 359.36 207.25 99.01 43.46 20.14 4772.04
2.77 276.59 492.73 641.41 721.15 730.16 664.21 524.13 357.99 204.94 97.07 42.36 19.58 4772.32
2.78 276.88 493.53 642.79 722.97 732.06 665.59 524.3 356.62 202.63 95.15 41.29 19.04 4772.85
2.79 277.17 494.35 644.19 724.81 734.0 667.0 524.48 355.25 200.32 93.26 40.24 18.51 4773.58
2.8 277.39 494.95 645.18 726.06 735.12 667.43 523.64 352.96 197.38 91.07 39.09 17.94 4768.21
2.81 277.6 495.52 646.13 727.22 736.13 667.73 522.64 350.51 194.35 88.87 37.94 17.39 4762.03
2.82 277.82 496.1 647.1 728.41 737.18 668.05 521.65 348.05 191.33 86.71 36.83 16.85 4756.08
2.83 278.04 496.7 648.08 729.63 738.26 668.4 520.68 345.6 188.32 84.59 35.75 16.33 4750.38
2.84 278.21 497.15 648.8 730.43 738.78 668.07 518.98 342.49 184.89 82.29 34.61 15.79 4740.49
2.85 278.28 497.31 648.97 730.4 738.16 666.37 515.84 338.12 180.64 79.64 33.35 15.2 4722.28
2.86 278.35 497.48 649.16 730.39 737.57 664.68 512.7 333.75 176.44 77.07 32.14 14.63 4704.36
2.87 278.43 497.67 649.37 730.4 737.01 663.01 509.57 329.39 172.29 74.56 30.96 14.09 4686.75
2.88 278.51 497.86 649.6 730.45 736.47 661.37 506.44 325.03 168.19 72.12 29.84 13.57 4669.45
2.89 277.19 493.94 642.07 718.55 719.78 640.25 483.21 303.46 153.19 64.77 26.77 12.23 4535.41
2.9 275.36 488.54 631.78 702.45 697.49 612.62 453.67 277.2 135.95 56.69 23.46 10.78 4365.99
2.91 270.15 473.63 604.61 662.53 646.97 557.44 404.44 243.23 119.53 50.9 21.54 10.06 4065.03
2.92 273.04 481.95 619.9 685.34 676.54 590.99 436.26 267.5 133.16 56.63 23.76 11.0 4256.07
2.93 275.63 489.42 633.73 706.11 703.7 622.17 466.32 290.96 146.6 62.29 25.92 11.9 4434.75
2.94 276.07 490.68 635.97 709.24 707.32 625.52 468.39 291.21 145.73 61.49 25.49 11.68 4448.79
2.95 276.53 491.96 638.23 712.39 710.98 628.91 470.47 291.47 144.85 60.69 25.06 11.47 4463.01
2.96 276.98 493.23 640.5 715.57 714.68 632.33 472.58 291.72 143.96 59.91 24.65 11.26 4477.37
2.97 277.43 494.52 642.78 718.77 718.4 635.8 474.72 291.97 143.06 59.13 24.24 11.06 4491.88
2.98 277.83 495.63 644.74 721.48 721.47 638.47 476.04 291.52 141.75 58.17 23.76 10.83 4501.69
2.99 278.11 496.42 646.09 723.26 723.28 639.64 475.82 289.79 139.68 56.92 23.18 10.56 4502.75
3.0 278.4 497.21 647.46 725.06 725.13 640.84 475.6 288.05 137.62 55.68 22.61 10.29 4503.95
